5.164322
9.057289
6.516384
9.062445
6.055402
7.049984
7.898221
5.828485
7.116053
6.259921
8.404693
9.638535
9.147642
7.452281
8.275600
5.383785
7.181460
9.680938
9.931499
7.823148
7.955582
6.282087
5.218935
5.130394
6.953619
7.242781
6.802974
7.942641
8.453671
8.704247
7.363821
8.617993
7.761537
8.880205
7.680438
8.816938
5.930190
5.578659
9.645423
8.046242
6.838579
8.050116
7.684777
5.986221
5.502396
5.960378
6.370006
7.683856
5.641315
6.301504
5.507005
8.596897
7.583592
5.725939
8.727291
9.537210
7.968720
5.530266
7.479851
6.422391
9.234512
9.843673
5.040385
6.996049
8.723878
7.720823
5.812988
9.654068
8.299482
5.458411
7.700310
5.138062
8.508527
5.385087
6.124282
9.010923
6.345465
7.494288
6.694779
6.986780
8.795792
7.201785
5.583678
6.379383
7.927724
9.310969
5.916594
5.896444
9.841234
8.396444
7.318836
9.075747
8.240116
7.359221
6.071796
6.963994
5.080044
6.884784
6.618061
8.379526
7.343194
9.318371
8.517589
5.851721
9.703459
9.641870
9.862644
6.048923
7.136158
6.557424
8.035704
5.931950
8.759209
8.619381
7.311334
6.686932
7.930350
8.227928
7.583376
7.771585
6.624372
9.902212
6.847331
9.864488
7.261433
7.919127
6.828482
7.341477
9.803911
8.446543
5.721004
7.147106
7.764914
9.238592
7.998827
7.468372
8.880463
7.861471
8.517295
6.016621
9.418896
6.552999
6.948571
8.178103
5.172379
9.259905
9.865036
8.102730
7.487832
7.448412
5.874314
9.112205
7.350624
7.721644
8.976692
9.612057
5.640772
5.805173
6.953535
5.444683
9.251718
7.674539
7.591789
7.016631
6.913130
5.590616
9.485004
5.793593
8.452087
8.002299
6.810215
7.870982
9.555298
8.758785
6.049086
9.727678
8.018692
5.914122
7.830408
5.506524
8.362534
8.704721
9.618729
5.713158
6.426367
8.595420
5.325215
7.067139
9.400593
7.278750
7.511822
8.652310
9.953288
5.103610
5.668941
6.866419
5.694226
5.153946
7.660012
9.146314
8.156244
9.470226
7.017295
7.711543
8.229012
8.066381
7.439221
6.247704
8.980503
5.269629
6.754227
7.343037
8.974351
6.372955
8.056194
5.400717
9.968375
8.381410
7.467856
9.368968
5.660160
9.979678
8.021278
5.613448
5.083289
8.690220
7.479867
5.777514
8.844166
5.139879
9.923828
7.000411
9.610106
6.941123
9.711954
7.839118
5.007505
7.151175
9.086822
8.988008
7.420805
5.841049
6.331046
6.395155
7.214004
9.387240
6.795873
7.182379
7.768650
9.263729
6.551347
8.428810
9.243406
9.572626
9.042258
9.326695
8.262846
6.522125
5.104209
7.107012
6.662004
5.028038
9.107423
6.272110
6.969161
8.819378
9.111228
6.976666
5.970553
8.198050
5.964674
8.391357
9.039098
7.295719
9.786512
6.253102
6.682960
6.582385
8.435481
9.451610
5.846114
9.986829
7.880420
5.089521
9.559454
6.922678
9.416216
7.822300
8.444803
9.520425
9.929313
5.106807
9.548463
9.036736
6.378917
6.517623
7.856112
5.490145
8.494289
8.826666
8.688193
9.458962
7.218023
7.727292
6.754682
7.004536
8.980394
8.437642
8.586921
7.415875
7.889252
9.433035
7.402703
5.769671
9.522556
6.962157
7.692349
8.938771
9.784458
6.137152
8.459197
9.713770
6.243958
8.007659
8.750505
7.622875
9.525282
6.606619
8.113020
8.019570
5.433285
6.801212
7.478534
7.651308
9.528504
9.233216
9.655844
8.508898
7.670858
8.242764
5.924773
5.560110
7.675799
8.327477
6.329782
7.198355
5.289634
9.022130
6.137127
5.074091
5.159282
9.596323
9.787862
6.403240
7.603981
8.538368
9.026115
7.129264
5.144986
7.139134
5.148835
5.578270
8.940346
7.627368
8.229578
8.468851
6.860585
7.885422
6.977749
9.531443
6.128186
7.902523
5.091553
8.803986
6.230000
6.421333
6.002340
6.519633
5.443464
7.139466
6.593726
5.602746
6.735790
6.381587
7.005986
9.339771
9.919954
6.032101
6.469035
5.064940
8.171235
6.617870
5.643211
7.111582
9.245238
8.872789
5.580432
6.105823
6.758211
7.558182
5.637266
7.886396
5.460705
5.728819
6.690382
6.690704
7.150152
7.692722
8.210338
7.593616
9.832188
9.804063
8.196362
6.567978
6.185650
5.202348
5.907749
6.105605
6.234449
7.376784
6.170545
9.405684
8.994655
6.813756
6.517265
8.239893
5.686545
7.097698
9.345716
7.444756
9.655880
9.982982
5.331153
5.116584
5.711800
7.021534
6.807289
7.861953
9.714256
5.017626
5.455569
9.546444
9.821690
8.651932
6.114422
6.007340
8.854280
7.022171
7.112945
5.088729
9.398955
8.283490
9.494411
8.393610
5.097246
6.011677
6.633502
5.783792
8.109375
5.979218
8.228548
7.765255
5.962200
8.559700
7.881840
6.674000
5.581235
9.689129
9.535953
5.295491
9.706755
9.991522
9.841936
9.528445
8.643454
5.956357
5.535784
7.497733
7.978529
7.648729
7.586461
7.377484
5.932220
7.080873
5.771093
6.029466
8.092550
7.404596
6.813258
6.201926
8.383814
5.041805
8.967181
9.346014
8.601506
6.849021
6.020015
9.182741
6.538150
5.555968
9.478232
6.244905
5.547490
9.320168
5.773349
9.190943
5.276525
6.309134
6.688675
8.255053
8.957863
9.275136
5.632536
9.890082
6.356009
6.403630
5.919548
9.448561
8.808227
7.732806
5.650486
7.192040
7.774611
9.617668
6.538055
6.376119
6.466689
7.558070
5.558860
8.004838
8.114038
5.037092
9.249743
8.661527
9.357260
5.023092
7.852469
9.633783
6.332226
9.541144
7.888837
5.290089
8.816281
8.521374
5.180171
5.172291
9.925004
6.099720
9.620851
8.733230
8.832525
5.271337
5.925270
6.607137
9.889005
7.463326
7.983255
6.355693
5.021396
8.542116
9.360532
8.135433
8.579207
8.610275
6.796960
7.936466
8.633367
9.649429
7.570250
9.965592
9.190575
5.459086
5.255681
8.006855
8.980460
5.435853
8.179146
8.905463
6.535572
7.799997
7.638693
5.368097
8.071335
8.563964
6.975235
7.960339
6.027289
9.958490
9.316032
6.048685
8.500606
8.676565
9.184119
7.079813
7.286839
5.981079
5.016279
5.920206
5.630509
7.586529
5.885799
9.821083
8.045615
6.141480
7.827939
7.026075
6.577332
6.007085
5.931539
8.112905
8.807082
8.570231
8.481002
6.878416
7.134195
5.456237
9.838755
8.161486
5.414727
9.154787
9.210171
8.915333
7.831352
8.394290
5.995145
5.118191
9.375370
6.011424
6.038398
5.005878
8.597954
6.924196
9.826962
6.643568
8.065677
7.654901
8.669643
9.643009
8.661985
9.601182
7.755914
7.469068
8.171413
6.236916
9.347483
5.305609
6.693152
9.186238
8.467094
7.107879
8.341025
7.677265
6.023211
6.172378
6.071556
7.018356
6.290569
5.446925
8.029780
7.328967
5.452803
6.627734
9.253163
5.279765
8.271302
7.318840
7.934666
6.940946
6.961849
6.596651
6.542127
9.717763
9.065719
9.713541
5.954679
8.413201
5.019150
7.647830
7.599440
8.486244
9.755709
5.940465
6.163510
5.778921
7.112843
7.235065
7.797277
8.403411
7.681990
5.827058
5.732378
8.134792
7.454792
9.985541
8.414557
5.726094
7.304381
6.349222
7.667040
9.266231
7.945873
9.209167
8.983994
7.011592
8.922708
9.938671
5.424793
8.941858
7.586503
8.024234
7.428102
7.342212
8.964699
8.591612
8.121132
6.077541
5.826677
5.918409
9.480952
8.508667
6.745467
5.213330
6.643459
9.200259
5.198871
5.058016
9.926353
7.503252
6.407238
7.593392
6.769482
9.353112
6.802558
5.753475
6.364703
5.725266
5.692148
6.789497
9.667124
8.278650
9.813730
7.095226
5.620861
8.778429
5.686838
8.741993
9.855969
6.513515
9.660402
9.336922
5.022182
6.405869
9.550252
6.665641
5.606128
9.749123
6.723657
5.532480
7.252374
8.130896
8.125873
9.021856
7.484007
9.928431
9.775331
8.848711
5.653697
5.467479
5.638208
5.320821
8.746129
5.451938
7.416047
9.366990
9.230367
8.102884
8.108983
9.086336
9.616400
7.769385
8.423258
9.638581
9.175254
7.973509
6.304222
9.781382
7.722631
8.027880
5.313863
9.975006
6.158776
8.439735
8.996862
8.642783
8.368167
8.772193
7.491494
9.021863
9.239673
8.129702
9.342684
7.985801
8.581639
6.758730
7.352791
7.812006
9.861614
5.461774
6.898342
9.478014
8.231159
5.321600
9.116595
7.406414
8.295109
5.420818
7.187796
6.017742
8.448697
7.501659
5.992747
9.607472
5.941394
9.989610
8.250256
9.309560
8.761803
5.741749
8.331424
8.001475
8.871450
7.674108
5.987277
7.453090
9.432838
8.340068
5.265096
9.294453
8.801842
7.163438
8.772467
7.033000
7.485038
7.889062
9.439413
5.780148
8.309879
6.627209
6.797890
6.758576
9.128868
7.790637
6.366050
5.070262
7.780247
9.616304
9.379823
6.542049
5.358054
7.711246
9.543526
9.229506
5.385354
5.530802
6.682595
9.818192
8.870870
6.947691
9.112645
7.672711
9.111130
7.885112
9.705712
6.596169
5.774174
9.145125
7.376316
9.084053
5.772335
9.174205
5.842630
9.901203
6.964843
7.208679
9.971465
9.745089
6.824985
9.351288
6.287138
7.183039
7.062535
5.830664
6.412544
7.447889
6.361466
8.095140
7.266080
5.232337
5.042830
6.378726
7.905048
9.153960
9.263837
7.610760
5.750128
5.038011
6.755886
8.126444
9.122065
7.528222
7.300650
9.964694
7.429424
9.265491
7.173373
7.400890
9.010581
8.998358
6.752178
5.297720
6.181396
8.814713
6.128385
7.593941
6.262601
7.489851
5.689080
8.528682
7.722187
5.731911
9.907407
5.627236
9.885870
9.171244
8.237996
5.635999
9.209255
9.993882
8.762444
8.331318
7.522104
6.063093
8.296012
9.951529
5.328585
5.469385
7.352418
9.339166
9.467743
9.104596
9.636887
5.649139
7.919308
5.765270
8.243080
9.181910
8.255121
8.932159
7.710591
5.977309
9.664069
7.617999
6.604544
9.549940
6.789243
9.842540
5.185938
5.998497
9.836422
8.948381
9.329816
7.358526
5.011475
7.625828
7.310054
5.340059
8.095213
9.662472
9.679225
7.562956
8.767067
9.316112
8.212095
6.686376
5.081381
6.455174
5.868285
8.336502
5.387334
8.578876
9.313811
5.051404
6.196876
5.918355
9.601344
7.986119
5.760896
9.787282
8.984615
5.597318
