9.981142
9.980407
9.972267
9.969407
9.969172
9.968686
9.947715
9.880284
9.877006
9.851674
9.848660
9.841705
9.833669
9.827346
9.816410
9.786013
9.764183
9.761959
9.752192
9.704351
9.675311
9.641945
9.619756
9.605888
9.603866
9.603740
9.599846
9.526131
9.522586
9.515903
9.505082
9.477518
9.452044
9.426036
9.422198
9.393677
9.360956
9.312613
9.304276
9.254757
9.248702
9.194716
9.184493
9.138823
9.085323
9.037858
8.978566
8.936171
8.934076
8.930068
8.927030
8.920150
8.894257
8.870028
8.776571
8.766912
8.734810
8.640985
8.624609
8.618834
8.594016
8.571420
8.567429
8.566283
8.532917
8.531351
8.519991
8.514908
8.455757
8.454723
8.446280
8.417875
8.359838
8.355807
8.336383
8.326685
8.306602
8.250478
8.249408
8.227249
8.219653
8.186039
8.147015
8.093324
8.091013
8.082438
8.065819
8.037415
8.030737
8.026871
7.999777
7.980919
7.959299
7.927388
7.926531
7.841011
7.822506
7.806815
7.800097
7.781238
7.763610
7.757656
7.708180
7.696721
7.680019
7.650493
7.633350
7.549457
7.542391
7.536229
7.501031
7.460695
7.451838
7.430254
7.401132
7.394132
7.383306
7.373309
7.341691
7.338458
7.334700
7.321023
7.307384
7.293915
7.281179
7.278308
7.274296
7.249422
7.248290
7.243621
7.199681
7.197799
7.187673
7.165046
7.140480
7.114814
7.109627
7.097286
7.095709
7.073012
7.064678
7.063617
7.038022
7.017949
7.011381
7.004996
6.916397
6.913538
6.888663
6.855159
6.849509
6.846084
6.841256
6.824803
6.772025
6.769029
6.738937
6.704344
6.671790
6.660752
6.658585
6.642256
6.635522
6.619221
6.611982
6.597346
6.590810
6.579540
6.573226
6.553598
6.552566
6.501436
6.490916
6.476245
6.457802
6.435642
6.430284
6.361987
6.352658
6.350095
6.321714
6.297811
6.288653
6.240382
6.182883
6.163668
6.111114
6.110629
6.108603
6.084622
6.075151
6.072229
6.057293
6.025740
6.019266
5.965726
5.954726
5.906226
5.875487
5.836532
5.833725
5.804935
5.790457
5.771324
5.763141
5.762156
5.752574
5.729149
5.724101
5.659087
5.634115
5.575095
5.543134
5.526517
5.483329
5.454946
5.449089
5.433669
5.427086
5.424875
5.382428
5.357642
5.323946
5.201530
5.189901
5.185339
5.150220
5.117724
5.111273
5.109833
5.104576
5.102394
5.085905
9.949217
9.913870
9.904374
9.870094
9.840233
9.835686
9.826579
9.817761
9.814033
9.806718
9.797214
9.795836
9.783136
9.770726
9.758454
9.715944
9.697077
9.686155
9.675616
9.657689
9.654265
9.595184
9.574155
9.560214
9.531545
9.523656
9.463718
9.463074
9.461863
9.453108
9.441715
9.438223
9.436665
9.434064
9.350694
9.294962
9.291327
9.255214
9.240364
9.214410
9.211562
9.206955
9.154184
9.131318
9.129399
9.066447
9.026055
8.990499
8.827706
8.812943
8.761683
8.735016
8.710899
8.699387
8.697387
8.670341
8.660484
8.657819
8.643800
8.627206
8.595936
8.578977
8.505743
8.485805
8.437299
8.417220
8.407884
8.405519
8.391932
8.349965
8.318008
8.309630
8.274805
8.271542
8.245774
8.211564
8.207170
8.181764
8.177647
8.129700
8.083682
8.065907
8.063020
8.061270
8.024665
7.995786
7.943584
7.933593
7.929231
7.897917
7.864897
7.849066
7.834190
7.797575
7.795427
7.778132
7.734090
7.732912
7.662697
7.657062
7.630026
7.590556
7.586499
7.567217
7.551053
7.536836
7.519163
7.485538
7.479438
7.475186
7.442752
7.414742
7.402133
7.398986
7.392747
7.389674
7.278161
7.243993
7.241991
7.217412
7.197669
7.184227
7.167467
7.148198
7.124467
7.101286
7.064407
7.062068
7.059755
7.053509
7.045002
7.003947
7.003251
7.000555
6.989944
6.975485
6.966529
6.953431
6.913906
6.894505
6.889194
6.873345
6.862087
6.860624
6.854773
6.808251
6.798397
6.795459
6.788547
6.742897
6.687710
6.685626
6.675216
6.669396
6.667172
6.664941
6.661490
6.648140
6.640114
6.633627
6.613395
6.584383
6.550788
6.497123
6.494226
6.479664
6.476572
6.458353
6.455555
6.446979
6.438032
6.426049
6.415794
6.400594
6.366473
6.355153
6.353945
6.308524
6.308437
6.247924
6.244192
6.235246
6.210202
6.206615
6.201506
6.188106
6.169892
6.143692
6.113109
6.109447
6.090422
6.058200
6.053023
6.042131
6.033194
5.980409
5.976954
5.960303
5.942738
5.924397
5.917887
5.911737
5.890129
5.844039
5.842309
5.841591
5.831962
5.814602
5.763793
5.751672
5.745326
5.729498
5.725874
5.684696
5.675237
5.651917
5.637303
5.617053
5.587091
5.556850
5.546838
5.540623
5.507462
5.496056
5.489269
5.438805
5.437837
5.424566
5.396787
5.386336
5.377374
5.367861
5.352674
5.344067
5.342211
5.321790
5.320063
5.316544
5.310997
5.304172
5.260877
5.238740
5.235272
5.210169
5.196509
5.192005
5.165251
5.143535
5.108023
5.092435
5.070215
5.062953
5.056001
5.041761
5.041568
5.040561
9.953011
9.946293
9.926538
9.919024
9.916256
9.886026
9.857507
9.786075
9.770230
9.761887
9.739511
9.702976
9.702913
9.661883
9.631500
9.619123
9.616617
9.604959
9.600237
9.595232
9.591757
9.564404
9.537712
9.506852
9.496178
9.464250
9.446830
9.444924
9.418402
9.414101
9.411517
9.397935
9.369312
9.364742
9.358635
9.315604
9.292509
9.283493
9.240222
9.230679
9.205028
9.169860
9.074061
9.046002
9.004467
8.997009
8.985979
8.962234
8.933591
8.906411
8.878368
8.864332
8.832840
8.723588
8.713092
8.708191
8.697271
8.695526
8.655738
8.608057
8.562567
8.552855
8.534122
8.533910
8.515101
8.513581
8.503795
8.477450
8.464340
8.420074
8.416779
8.406588
8.392523
8.387555
8.367323
8.357611
8.312736
8.308777
8.300455
8.292037
8.285045
8.257148
8.227687
8.225127
8.201239
8.184355
8.176986
8.168512
8.164452
8.158957
8.144152
8.060187
8.048873
8.041973
8.041714
7.970429
7.952843
7.928276
7.923837
7.921947
7.918119
7.897924
7.897861
7.883208
7.868537
7.867364
7.854815
7.794790
7.783951
7.778285
7.738230
7.735465
7.732383
7.715137
7.661458
7.652748
7.621356
7.610679
7.607826
7.574283
7.566448
7.556972
7.546344
7.519569
7.517247
7.499304
7.470847
7.462598
7.441069
7.401397
7.398973
7.368834
7.366098
7.348890
7.319437
7.319164
7.319109
7.319064
7.281738
7.263164
7.220224
7.208063
7.187596
7.187218
7.161279
7.157537
7.104494
7.095037
7.091062
7.020092
7.017489
7.010086
7.002701
6.998136
6.995660
6.983006
6.982111
6.913405
6.872576
6.845068
6.841422
6.800956
6.774948
6.769081
6.750133
6.717045
6.712024
6.704242
6.702575
6.668544
6.660974
6.648695
6.644703
6.640562
6.632383
6.613875
6.613833
6.601696
6.528806
6.522896
6.517090
6.496996
6.345748
6.340441
6.279134
6.275608
6.269375
6.265312
6.255389
6.233221
6.219823
6.178279
6.168791
6.163232
6.152866
6.152277
6.053225
6.028781
6.014553
5.946637
5.945400
5.939637
5.915751
5.892225
5.884437
5.880435
5.872592
5.869186
5.860244
5.852337
5.830286
5.810344
5.780032
5.771376
5.758842
5.749786
5.715991
5.709004
5.696555
5.677819
5.671118
5.631845
5.592173
5.551597
5.548208
5.474403
5.472144
5.461584
5.445376
5.402617
5.361329
5.355284
5.353721
5.351675
5.327267
5.316164
5.312037
5.302675
5.243071
5.231815
5.191278
5.180240
5.180026
5.166757
5.154238
5.124648
5.123468
5.123331
5.122650
5.121905
5.098191
5.092559
5.060022
5.058910
5.020329
5.002859
9.927696
9.830808
9.815116
9.808751
9.804132
9.790274
9.788575
9.771391
9.739498
9.712196
9.635916
9.628805
9.574228
9.540391
9.508310
9.475254
9.456278
9.433479
9.432133
9.373514
9.342698
9.309065
9.270176
9.262939
9.261141
9.234029
9.232694
9.232183
9.225877
9.209523
9.208786
9.207822
9.204639
9.200488
9.192647
9.162774
9.154020
9.150895
9.134720
9.132147
9.112045
9.059593
9.047466
9.037563
9.021097
9.009274
9.004983
8.996967
8.995814
8.992614
8.984648
8.969657
8.944980
8.928345
8.923295
8.880905
8.845824
8.836403
8.810324
8.756701
8.754846
8.733901
8.727427
8.720182
8.704514
8.690680
8.686275
8.654575
8.623102
8.611773
8.611246
8.596207
8.596119
8.576613
8.562108
8.529238
8.493351
8.493090
8.426808
8.418524
8.405515
8.298704
8.289465
8.254459
8.232977
8.164387
8.143183
8.137993
8.091119
8.063910
8.049788
8.043679
8.042546
8.030373
8.019849
8.010195
7.982841
7.966594
7.891578
7.873518
7.856746
7.847594
7.831989
7.828901
7.814344
7.803893
7.786616
7.781384
7.750273
7.704492
7.699056
7.673020
7.669947
7.662979
7.644910
7.625394
7.602524
7.462469
7.443869
7.422623
7.416384
7.370018
7.333859
7.288067
7.263628
7.201009
7.186406
7.181661
7.181267
7.151997
7.144837
7.142814
7.118628
7.072675
7.051996
7.051559
7.008891
6.967488
6.939135
6.936860
6.930619
6.903191
6.900954
6.895457
6.882544
6.870511
6.841834
6.787488
6.744346
6.631083
6.615414
6.610009
6.608305
6.585885
6.584129
6.572302
6.569991
6.559777
6.553098
6.464773
6.458283
6.435702
6.434373
6.412848
6.412283
6.406921
6.405514
6.341250
6.334155
6.311946
6.294150
6.262260
6.257100
6.250947
6.245542
6.233285
6.223853
6.222417
6.218367
6.199831
6.185448
6.155313
6.143812
6.134799
6.108315
6.091712
6.069642
6.030022
6.021516
5.981831
5.943694
5.925575
5.917198
5.885663
5.880105
5.879068
5.847068
5.840027
5.833444
5.828545
5.821078
5.795495
5.778778
5.748774
5.747826
5.723567
5.705781
5.702946
5.699523
5.688638
5.675085
5.669413
5.650802
5.631208
5.619066
5.614104
5.613336
5.593894
5.580874
5.566339
5.555305
5.546420
5.541977
5.529827
5.473398
5.452004
5.433773
5.424978
5.413156
5.387305
5.386371
5.365285
5.352473
5.315205
5.291770
5.274282
5.263350
5.262206
5.242023
5.238892
5.228599
5.207673
5.202008
5.190548
5.190431
5.184363
5.169010
5.113581
5.091254
5.065237
5.056591
5.053623
5.052145
5.048344
5.047626
