1.000705
1.002092
1.010714
1.029296
1.031400
1.037535
1.041152
1.043632
1.056994
1.062730
1.064816
1.071240
1.074192
1.079694
1.079914
1.080399
1.098495
1.100512
1.103679
1.106175
1.115560
1.116196
1.118970
1.122255
1.122980
1.123362
1.123748
1.124538
1.130688
1.143497
1.144135
1.148153
1.151514
1.152014
1.152659
1.156677
1.162602
1.164156
1.166994
1.167506
1.168728
1.169445
1.174157
1.175439
1.176080
1.180830
1.185797
1.193454
1.196447
1.197103
1.202501
1.206980
1.210277
1.213615
1.218622
1.224260
1.224494
1.228177
1.231744
1.236842
1.237824
1.238370
1.238922
1.241992
1.247519
1.247824
1.248958
1.254654
1.269996
1.272755
1.273741
1.276053
1.281913
1.291998
1.299075
1.304568
1.304578
1.305024
1.305422
1.313746
1.319653
1.327433
1.329596
1.344319
1.345921
1.346574
1.348892
1.360538
1.361957
1.369894
1.370599
1.373575
1.375708
1.378512
1.388298
1.389114
1.395657
1.402722
1.413497
1.414204
1.420595
1.449404
1.450998
1.453250
1.457137
1.471143
1.471153
1.473731
1.476227
1.476914
1.483862
1.490371
1.492149
1.502275
1.506673
1.507553
1.508918
1.512133
1.513106
1.516699
1.521728
1.524023
1.525140
1.525352
1.528838
1.532719
1.542402
1.544138
1.550640
1.551344
1.560816
1.561739
1.562455
1.565803
1.568879
1.570881
1.577272
1.589576
1.599186
1.599422
1.603039
1.610178
1.612033
1.620892
1.622874
1.626948
1.634579
1.639282
1.642044
1.642814
1.643288
1.644888
1.649249
1.650808
1.651102
1.652936
1.662039
1.662577
1.662622
1.673361
1.673663
1.678879
1.688596
1.691542
1.692495
1.693216
1.702154
1.708022
1.713838
1.718792
1.719577
1.730467
1.738258
1.739966
1.746310
1.749115
1.757920
1.759279
1.760026
1.760185
1.761083
1.763654
1.766970
1.766981
1.770579
1.773502
1.777598
1.778392
1.778658
1.786232
1.788325
1.789557
1.796303
1.797781
1.797895
1.801405
1.825126
1.826778
1.836766
1.841819
1.843208
1.853840
1.858520
1.862563
1.862748
1.865091
1.867871
1.871465
1.881244
1.881730
1.881756
1.891618
1.893647
1.895608
1.898969
1.902478
1.913302
1.927898
1.933358
1.943062
1.951486
1.955376
1.958607
1.966956
1.978336
1.981533
1.988361
1.990352
1.990851
1.996110
1.999283
1.377020
