1.004221
1.004846
1.005606
1.009013
1.010557
1.012066
1.012116
1.017344
1.020411
1.030213
1.031600
1.038648
1.039425
1.040499
1.049806
1.049848
1.051004
1.066161
1.071026
1.073534
1.073795
1.078915
1.082829
1.094739
1.101804
1.106805
1.130023
1.131243
1.147015
1.155805
1.158773
1.161638
1.170450
1.173963
1.178532
1.179233
1.181404
1.185663
1.186612
1.186939
1.188665
1.190857
1.199819
1.199974
1.201568
1.205871
1.214987
1.223467
1.224198
1.226581
1.231237
1.236560
1.245019
1.247381
1.248190
1.256518
1.258553
1.259431
1.261099
1.265282
1.265320
1.265532
1.266416
1.266754
1.279666
1.284118
1.287334
1.287953
1.293663
1.297201
1.300330
1.303950
1.308485
1.311389
1.311460
1.318688
1.319580
1.325335
1.331692
1.332168
1.334633
1.355809
1.360964
1.362025
1.364350
1.368798
1.369036
1.380869
1.383159
1.384993
1.391643
1.392238
1.393288
1.396277
1.396742
1.400502
1.404723
1.405669
1.418141
1.419879
1.420043
1.422527
1.427834
1.432737
1.433126
1.433496
1.434790
1.436878
1.438620
1.439964
1.440951
1.451644
1.453355
1.461575
1.462191
1.475264
1.476193
1.480110
1.480915
1.482864
1.488093
1.493121
1.496144
1.497434
1.517732
1.522669
1.530447
1.531348
1.533798
1.538233
1.540322
1.542237
1.546271
1.547149
1.547240
1.547330
1.547409
1.548969
1.550998
1.556827
1.559896
1.566473
1.567615
1.567741
1.577783
1.578226
1.583659
1.584253
1.590897
1.598474
1.599953
1.612004
1.615060
1.621062
1.621590
1.625559
1.639978
1.640037
1.646416
1.646866
1.655019
1.656370
1.662187
1.662480
1.664955
1.670043
1.674634
1.676024
1.678474
1.678603
1.690907
1.693622
1.697870
1.698519
1.699013
1.699659
1.701960
1.704161
1.704677
1.704762
1.709026
1.717014
1.718638
1.718809
1.719626
1.722698
1.728364
1.728905
1.730346
1.733386
1.738269
1.740713
1.742399
1.746250
1.752566
1.756802
1.768330
1.769045
1.769285
1.771188
1.774687
1.776366
1.778336
1.780879
1.788116
1.797553
1.799683
1.814883
1.817567
1.818728
1.824380
1.825649
1.829121
1.829358
1.831533
1.833478
1.836273
1.836303
1.836724
1.838332
1.838674
1.839356
1.839915
1.840546
1.841879
1.850870
1.861362
1.870593
1.875844
1.877916
1.877963
1.886081
1.887183
1.892231
1.893711
1.904957
1.907273
1.912620
1.913970
1.919461
1.929234
1.933225
1.945566
1.946210
1.947041
1.947391
1.952593
1.969193
1.975302
1.983072
1.983383
1.986750
1.986917
1.992676
1.998866
1.999406
