9.969443
9.955421
9.946523
9.940413
9.938669
9.918787
9.899462
9.873715
9.810248
9.809037
9.767412
9.701855
9.672735
9.670953
9.628693
9.623436
9.611322
9.600962
9.583699
9.577661
9.569608
9.567474
9.565192
9.532552
9.486713
9.483592
9.469206
9.448559
9.447981
9.430376
9.391608
9.390184
9.348040
9.335633
9.284001
9.280485
9.274210
9.234758
9.227104
9.212683
9.194289
9.156228
9.140121
9.091068
9.067498
9.034428
9.028382
9.012716
8.956594
8.921689
8.906410
8.882447
8.852948
8.844438
8.819381
8.811072
8.797324
8.775769
8.766992
8.744251
8.736925
8.735255
8.722843
8.716183
8.710035
8.686892
8.678833
8.670670
8.658308
8.650352
8.623280
8.622394
8.592797
8.588085
8.586793
8.585854
8.584544
8.580431
8.561492
8.560723
8.554698
8.549875
8.541708
8.514949
8.504268
8.499326
8.488544
8.484008
8.476018
8.429117
8.424421
8.404564
8.367828
8.360031
8.331151
8.296004
8.283723
8.247643
8.236197
8.235255
8.189869
8.164454
8.156874
8.145021
8.143681
8.111397
8.105042
8.074514
8.059142
8.051976
8.047513
8.009466
8.004644
8.001774
7.987651
7.977081
7.974730
7.957749
7.947307
7.897125
7.870794
7.863781
7.847661
7.821022
7.796587
7.795595
7.784977
7.749026
7.709720
7.698288
7.652936
7.646776
7.586378
7.583295
7.573439
7.558255
7.538950
7.532901
7.468182
7.459829
7.450750
7.420147
7.395399
7.390510
7.387277
7.369538
7.362638
7.346110
7.340856
7.320107
7.308298
7.244154
7.193312
7.150210
7.140604
7.139835
7.134819
7.123447
7.092365
7.077863
7.077650
7.062872
6.970499
6.965261
6.958385
6.952829
6.897773
6.876369
6.870514
6.810698
6.805432
6.793015
6.746229
6.703834
6.684067
6.661487
6.645399
6.625440
6.570586
6.565702
6.564963
6.562340
6.476173
6.452077
6.406358
6.396847
6.380619
6.358237
6.343517
6.312199
6.310544
6.301441
6.277152
6.273166
6.253294
6.225705
6.193947
6.191954
6.157875
6.148663
6.130654
6.125404
6.105622
6.087563
6.035248
5.963562
5.955148
5.949888
5.919331
5.901766
5.897738
5.845660
5.745987
5.745121
5.718494
5.718270
5.674203
5.673270
5.654397
5.623858
5.620621
5.594084
5.563827
5.562069
5.559650
5.536967
5.531991
5.527179
5.527092
5.520167
5.517253
5.464621
5.462931
5.440297
5.437681
5.434404
5.425735
5.406910
5.382667
5.380483
5.371017
5.364404
5.345156
5.338088
5.296708
5.281832
5.277672
5.266192
5.238120
5.207894
5.186948
5.155427
5.126849
5.112389
5.045726
5.033387
