9.996336
9.983522
9.981173
9.930662
9.908875
9.882821
9.865632
9.853908
9.801485
9.773507
9.735427
9.723841
9.688273
9.661641
9.630357
9.627003
9.623419
9.620900
9.606356
9.592569
9.592461
9.591497
9.565366
9.561019
9.552192
9.540413
9.521798
9.517461
9.504076
9.460264
9.458397
9.448122
9.431868
9.430534
9.429145
9.415433
9.393452
9.386809
9.383127
9.361465
9.318200
9.284235
9.262434
9.248445
9.244221
9.213361
9.179102
9.174882
9.171943
9.111164
9.095817
9.095502
9.080686
9.030413
8.989272
8.947096
8.933410
8.931810
8.926830
8.923363
8.893736
8.869010
8.867376
8.818460
8.778299
8.777190
8.760428
8.735901
8.734013
8.724969
8.708046
8.702661
8.696729
8.686182
8.685608
8.680564
8.677546
8.621458
8.599578
8.582603
8.572648
8.553900
8.549616
8.536347
8.536083
8.524671
8.474999
8.449226
8.437566
8.376241
8.374768
8.345948
8.330223
8.327398
8.310229
8.238563
8.177551
8.151998
8.150482
8.146468
8.142076
8.124640
8.120233
8.020606
8.014582
7.977855
7.964779
7.961512
7.958489
7.955205
7.949417
7.937095
7.921569
7.866711
7.848481
7.802727
7.783175
7.750415
7.723146
7.667418
7.647984
7.631842
7.629705
7.603316
7.581909
7.577763
7.544923
7.533382
7.514663
7.489559
7.485709
7.468588
7.463178
7.461982
7.436539
7.410067
7.403194
7.355438
7.342443
7.322496
7.302606
7.272248
7.270073
7.268763
7.258844
7.241570
7.209654
7.170013
7.124600
7.078346
7.057023
7.030059
7.021255
7.008538
6.979933
6.975457
6.967163
6.906766
6.900187
6.836658
6.791674
6.782761
6.770871
6.765266
6.746752
6.706464
6.697831
6.688081
6.686792
6.675152
6.666536
6.643045
6.618536
6.607177
6.603513
6.599640
6.564111
6.561089
6.482341
6.467088
6.458973
6.443815
6.396654
6.396588
6.384056
6.375330
6.362039
6.310728
6.283826
6.249014
6.242952
6.211391
6.201907
6.180386
6.165643
6.132014
6.072429
6.067541
6.046295
6.018336
5.993092
5.984898
5.984736
5.979543
5.975584
5.957701
5.953713
5.948565
5.937236
5.918452
5.885210
5.872359
5.868218
5.866575
5.833660
5.780868
5.762015
5.742595
5.738930
5.716242
5.665668
5.646500
5.632178
5.619250
5.610154
5.600200
5.599647
5.581172
5.563512
5.563158
5.550485
5.465880
5.457764
5.441213
5.400121
5.400093
5.380703
5.339661
5.335073
5.280434
5.233181
5.220411
5.202072
5.186953
5.170813
5.168152
5.153976
5.130651
5.117245
5.081354
5.044381
5.040160
5.030478
5.025553
5.021324
5.006579
