1.001043
1.003948
1.009145
1.013624
1.017647
1.019568
1.032229
1.032888
1.033377
1.033924
1.036525
1.039907
1.040875
1.042983
1.049066
1.053560
1.055229
1.055584
1.056627
1.061415
1.062691
1.062897
1.070940
1.076629
1.077913
1.080441
1.080691
1.082542
1.090254
1.090269
1.090930
1.094107
1.101565
1.112777
1.117849
1.130550
1.133208
1.136312
1.138277
1.141992
1.152944
1.159903
1.166495
1.168227
1.170591
1.172790
1.173203
1.174247
1.176070
1.178243
1.178389
1.181088
1.182912
1.183139
1.184577
1.186475
1.189046
1.191751
1.196715
1.199366
1.200112
1.200280
1.210498
1.214446
1.214502
1.216171
1.225964
1.226503
1.228037
1.230856
1.233726
1.236815
1.237378
1.242503
1.244166
1.251944
1.256989
1.257262
1.258810
1.260925
1.267000
1.270754
1.273851
1.275846
1.275917
1.276709
1.281548
1.284354
1.284803
1.285011
1.292490
1.296214
1.300976
1.330269
1.337775
1.338175
1.346721
1.347264
1.349634
1.351139
1.353426
1.353860
1.354870
1.362813
1.365244
1.372994
1.377452
1.378606
1.382554
1.383945
1.385241
1.386597
1.387126
1.387758
1.392689
1.393240
1.395800
1.397414
1.406929
1.416227
1.418413
1.420666
1.421885
1.426403
1.428681
1.429724
1.434183
1.435891
1.439903
1.441548
1.450187
1.452122
1.458003
1.459288
1.464246
1.473681
1.473826
1.474221
1.484842
1.486351
1.497365
1.514948
1.518420
1.524086
1.529334
1.533113
1.538287
1.540071
1.542876
1.545250
1.548969
1.552791
1.553873
1.554325
1.556314
1.557354
1.558862
1.563110
1.564734
1.565459
1.569555
1.571530
1.582274
1.584080
1.593815
1.596999
1.602622
1.606220
1.613258
1.613636
1.614640
1.617098
1.619909
1.620468
1.627738
1.639816
1.645763
1.648684
1.649557
1.650160
1.665397
1.671639
1.673331
1.692601
1.696729
1.700579
1.707449
1.709471
1.716079
1.716673
1.716880
1.718699
1.720080
1.730106
1.746624
1.748553
1.762161
1.763476
1.767623
1.768062
1.787020
1.792016
1.796709
1.800170
1.806043
1.809629
1.810583
1.811583
1.811601
1.815709
1.819834
1.820099
1.824526
1.825083
1.829574
1.833356
1.835428
1.838926
1.846672
1.848854
1.856729
1.866087
1.876576
1.878656
1.881324
1.886963
1.889670
1.890141
1.890649
1.890650
1.894769
1.897738
1.900525
1.904154
1.907130
1.910451
1.911455
1.913553
1.915489
1.918565
1.920871
1.925801
1.927838
1.939271
1.943655
1.952056
1.952575
1.954085
1.954957
1.957777
1.967744
1.977317
1.983646
1.988057
1.989688
1.994244
