2.479431
2.477022
2.473062
2.471932
2.468829
2.466334
2.413131
2.411288
2.404818
2.399752
2.349374
2.347510
2.345323
2.318728
2.316969
2.263108
2.247002
2.241873
2.188869
2.186574
2.183079
2.166984
2.103681
2.079504
2.032204
2.007340
1.992352
1.987319
1.963936
1.949532
1.928620
1.912182
1.835767
1.833116
1.812479
1.795097
1.788562
1.749031
1.740477
1.690873
1.683383
1.682735
1.669333
1.655552
1.629932
1.626957
1.600311
1.592515
1.586735
1.578090
1.548851
1.546118
1.527328
1.524885
1.514463
1.513189
1.494169
1.494078
1.461036
1.451040
1.446723
1.443274
1.395202
1.386806
1.369538
1.350980
1.338901
1.322754
1.306027
1.279191
1.247018
1.190742
1.188993
1.187032
1.149913
1.095573
1.093015
1.088104
0.987400
0.977331
0.961856
0.957727
0.946466
0.936585
0.908462
0.895304
0.880230
0.858675
0.853220
0.818560
0.803551
0.748037
0.740258
0.728749
0.716820
0.710976
0.647560
0.644284
0.639090
0.597801
0.588817
0.579336
0.562250
0.559646
0.545043
0.531320
0.528663
0.528138
0.523363
0.510103
0.490370
0.453700
0.426565
0.425365
0.421555
0.418050
0.397757
0.380647
0.340392
0.293134
0.282797
0.265182
0.258392
0.256061
0.236830
0.169794
0.150362
0.126748
0.126091
0.113385
0.096628
0.083315
0.052380
0.029665
0.019710
-0.016653
-0.030371
-0.069241
-0.075764
-0.085719
-0.091502
-0.109989
-0.152936
-0.160573
-0.187732
-0.208878
-0.230624
-0.238770
-0.251543
-0.278990
-0.330430
-0.344068
-0.395988
-0.441526
-0.458806
-0.462169
-0.470594
-0.481818
-0.511946
-0.517591
-0.526451
-0.555055
-0.582280
-0.618478
-0.623042
-0.628188
-0.685987
-0.689563
-0.695113
-0.698859
-0.708019
-0.725465
-0.725885
-0.730873
-0.747701
-0.763163
-0.770324
-0.807004
-0.834554
-0.836244
-0.863232
-0.875371
-0.881428
-0.890552
-0.970599
-0.977309
-0.988733
-0.990082
-1.001703
-1.009013
-1.053271
-1.065124
-1.079262
-1.089671
-1.169392
-1.170710
-1.173913
-1.177289
-1.179859
-1.180965
-1.192678
-1.217102
-1.230155
-1.258303
-1.306776
-1.314167
-1.327193
-1.341699
-1.346483
-1.371238
-1.383056
-1.390100
-1.393486
-1.394119
-1.400515
-1.445123
-1.459147
-1.465937
-1.491456
-1.546874
-1.575931
-1.606178
-1.627960
-1.636538
-1.642675
-1.663821
-1.679386
-1.685705
-1.713260
-1.721097
-1.722230
-1.723475
-1.766838
-1.767421
-1.772458
-1.819937
-1.843780
-1.854375
-1.866118
-1.905320
-1.921867
-1.954103
-1.964460
-2.029578
-2.041901
-2.063698
-2.091655
-2.207701
-2.274848
-2.282986
-2.330917
-2.350667
-2.352250
-2.359985
-2.407386
-2.426166
-2.429108
-2.492138
-2.502478
-7.512433
-7.512433
-7.512433
-7.512433
-7.512433
-7.512433
-7.512433
-7.512433
-7.512433
-7.512433
-7.512433
-7.512433
-7.512433
-7.512433
-7.512433
-7.512433
-7.512433
-7.512433
-7.512433
-7.512433
-7.512433
-7.512433
-7.512433
-7.512433
-7.512433
-7.512433
-7.512433
-7.512433
-7.512433
-7.512433
-7.512433
-7.512433
-7.512433
-7.512433
-7.512433
-7.512433
-7.512433
-7.512433
-7.512433
-7.512433
-7.512433
-7.512433
-7.512433
-7.512433
-7.512433
-7.512433
-7.512433
-7.512433
-7.512433
-7.512433
-7.512433
-7.512433
-7.512433
-7.512433
-7.512433
-7.512433
-7.512433
-7.512433
-7.512433
-7.512433
-7.512433
-7.512433
-7.512433
-7.512433
-7.512433
-7.512433
-7.512433
-7.512433
-7.512433
-7.512433
-7.512433
-7.512433
-7.512433
-7.512433
-7.512433
-7.512433
-7.512433
-7.512433
-7.512433
-7.512433
-7.512433
-7.512433
-7.512433
-7.512433
-7.512433
-7.512433
-7.512433
-7.512433
-7.512433
-7.512433
-7.512433
-7.512433
-7.512433
-7.512433
-7.512433
-7.512433
-7.512433
-7.512433
-7.512433
-7.512433
-7.512433
-7.512433
-7.512433
-7.512433
-7.512433
-7.512433
-7.512433
-7.512433
-7.512433
-7.512433
-7.512433
-7.512433
-7.512433
-7.512433
-7.512433
-7.512433
-7.512433
-7.512433
-7.512433
-7.512433
-7.512433
-7.512433
-7.512433
-7.512433
-7.512433
-7.512433
-7.512433
-7.512433
-7.512433
-7.512433
-7.512433
-7.512433
-7.512433
-7.512433
-7.512433
-7.512433
-7.512433
-7.512433
-7.512433
-7.512433
-7.512433
-7.512433
-7.512433
-7.512433
-7.512433
-7.512433
-7.512433
-7.512433
-7.512433
-7.512433
-7.512433
-7.512433
-7.512433
-7.512433
-7.512433
-7.512433
-7.512433
-7.512433
-7.512433
-7.512433
-7.512433
-7.512433
-7.512433
-7.512433
-7.512433
-7.512433
-7.512433
-7.512433
-7.512433
-7.512433
-7.512433
-7.512433
-7.512433
-7.512433
-7.512433
-7.512433
-7.512433
-7.512433
-7.512433
-7.512433
-7.512433
-7.512433
-7.512433
-7.512433
-7.512433
-7.512433
-7.512433
-7.512433
-7.512433
-7.512433
-7.512433
-7.512433
-7.512433
-7.512433
-7.512433
-7.512433
-7.512433
-7.512433
-7.512433
-7.512433
-7.512433
-7.512433
-7.512433
-7.512433
-7.512433
-7.512433
-7.512433
-7.512433
-7.512433
-7.512433
-7.512433
-7.512433
-7.512433
-7.512433
-7.512433
-7.512433
-7.512433
-7.512433
-7.512433
-7.512433
-7.512433
-7.512433
-7.512433
-7.512433
-7.512433
-7.512433
-7.512433
-7.512433
-7.512433
-7.512433
-7.512433
-7.512433
-7.512433
-7.512433
-7.512433
-7.512433
-7.512433
-7.512433
-7.512433
-7.512433
-7.512433
-7.512433
-7.512433
-7.512433
-7.512433
-7.512433
-7.512433
-7.512433
-7.512433
-7.512433
-7.512433
-7.512433
-7.512433
-7.512433
-7.512433
-7.512433
-7.512433
-7.512433
-7.512433
-7.512433
-7.512433
-7.512433
-7.512433
-7.512433
-7.512433
-7.512433
-7.512433
-7.512433
-7.512433
-7.512433
-7.512433
-7.512433
-7.512433
-7.512433
-7.512433
-7.512433
-7.512433
-7.512433
-7.512433
-7.512433
-7.512433
-7.512433
-7.512433
-7.512433
-7.512433
-7.512433
-7.512433
-7.512433
-7.512433
-7.512433
-7.512433
-7.512433
-7.512433
-7.512433
-7.512433
-7.512433
-7.512433
-7.512433
-7.512433
-7.512433
-7.512433
-7.512433
-7.512433
-7.512433
-7.512433
-7.512433
-7.512433
-7.512433
-7.512433
-7.512433
-7.512433
-7.512433
-7.512433
-7.512433
-7.512433
-7.512433
-7.512433
-7.512433
-7.512433
-7.512433
-7.512433
-7.512433
-7.512433
-7.512433
-7.512433
-7.512433
-7.512433
-7.512433
-7.512433
-7.512433
-7.512433
-7.512433
-7.512433
-7.512433
-7.512433
-7.512433
-7.512433
-7.512433
-7.512433
-7.512433
-7.512433
-7.512433
-7.512433
-7.512433
-7.512433
-7.512433
-7.512433
-7.512433
-7.512433
-7.512433
-7.512433
-7.512433
-7.512433
-7.512433
-7.512433
-7.512433
-7.512433
-7.512433
-7.512433
-7.512433
-7.512433
-7.512433
-7.512433
-7.512433
-7.512433
-7.512433
-7.512433
-7.512433
-7.512433
-7.512433
-7.512433
-7.512433
-7.512433
-7.512433
-7.512433
-7.512433
-7.512433
-7.512433
-7.512433
-7.512433
-7.512433
-7.512433
-7.512433
-7.512433
-7.512433
-7.512433
-7.512433
-7.512433
-7.512433
-7.512433
-7.512433
-7.512433
-7.512433
-7.512433
-7.512433
-7.512433
-7.512433
-7.512433
-7.512433
-7.512433
-7.512433
-7.512433
-7.512433
-7.512433
-7.512433
-7.512433
-7.512433
-7.512433
-7.512433
-7.512433
-7.512433
-7.512433
-7.512433
-7.512433
-7.512433
-7.512433
-7.512433
-7.512433
-7.512433
-7.512433
-7.512433
-7.512433
-7.512433
-7.512433
-7.512433
-7.512433
-7.512433
-7.512433
-7.512433
-7.512433
-7.512433
-7.512433
-7.512433
-7.512433
-7.512433
-7.512433
-7.512433
-7.512433
-7.512433
-7.512433
-7.512433
-7.512433
-7.512433
-7.512433
-7.512433
-7.512433
-7.512433
-7.512433
-7.512433
-7.512433
-7.512433
-7.512433
-7.512433
-7.512433
-7.512433
-7.512433
-7.512433
-7.512433
-7.512433
-7.512433
-7.512433
-7.512433
-7.512433
-7.512433
-7.512433
-7.512433
-7.512433
-7.512433
-7.512433
-7.512433
-7.512433
-7.512433
-7.512433
-7.512433
-7.512433
-7.512433
-7.512433
-7.512433
-7.512433
-7.512433
-7.512433
-7.512433
-7.512433
-7.512433
-7.512433
-7.512433
-7.512433
-7.512433
-7.512433
-7.512433
-7.512433
-7.512433
-7.512433
-7.512433
-7.512433
-7.512433
-7.512433
-7.512433
-7.512433
-7.512433
-7.512433
-7.512433
-7.512433
-7.512433
-7.512433
-7.512433
-7.512433
-7.512433
-7.512433
-7.512433
-7.512433
-7.512433
-7.512433
-7.512433
-7.512433
-7.512433
-7.512433
-7.512433
-7.512433
-7.512433
-7.512433
-7.512433
-7.512433
-7.512433
-7.512433
-7.512433
-7.512433
-7.512433
-7.512433
-7.512433
-7.512433
-7.512433
-7.512433
-7.512433
-7.512433
-7.512433
-7.512433
-7.512433
-7.512433
-7.512433
-7.512433
-7.512433
-7.512433
-7.512433
-7.512433
-7.512433
-7.512433
-7.512433
-7.512433
-7.512433
-7.512433
-7.512433
-7.512433
-7.512433
-7.512433
-7.512433
-7.512433
-7.512433
-7.512433
-7.512433
-7.512433
-7.512433
-7.512433
-7.512433
-7.512433
-7.512433
-7.512433
-7.512433
-7.512433
-7.512433
-7.512433
-7.512433
-7.512433
-7.512433
-7.512433
-7.512433
-7.512433
-7.512433
-7.512433
-7.512433
-7.512433
-7.512433
-7.512433
-7.512433
-7.512433
-7.512433
-7.512433
-7.512433
-7.512433
-7.512433
-7.512433
-7.512433
-7.512433
-7.512433
-7.512433
-7.512433
-7.512433
-7.512433
-7.512433
-7.512433
-7.512433
-7.512433
-7.512433
-7.512433
-7.512433
-7.512433
-7.512433
-7.512433
-7.512433
-7.512433
-7.512433
-7.512433
-7.512433
-7.512433
-7.512433
-7.512433
-7.512433
-7.512433
-7.512433
-7.512433
-7.512433
-7.512433
-7.512433
-7.512433
-7.512433
-7.512433
-7.512433
-7.512433
-7.512433
-7.512433
-7.512433
-7.512433
-7.512433
-7.512433
-7.512433
-7.512433
-7.512433
-7.512433
-7.512433
-7.512433
-7.512433
-7.512433
-7.512433
-7.512433
-7.512433
-7.512433
-7.512433
-7.512433
-7.512433
-7.512433
-7.512433
-7.512433
-7.512433
-7.512433
-7.512433
-7.512433
-7.512433
-7.512433
-7.512433
-7.512433
-7.512433
-7.512433
-7.512433
-7.512433
-7.512433
-7.512433
-7.512433
-7.512433
-7.512433
-7.512433
-7.512433
-7.512433
-7.512433
-7.512433
-7.512433
-7.512433
-7.512433
-7.512433
-7.512433
-7.512433
-7.512433
-7.512433
-7.512433
-7.512433
-7.512433
-7.512433
-7.512433
-7.512433
-7.512433
-7.512433
-7.512433
-7.512433
-7.512433
-7.512433
-7.512433
-7.512433
-7.512433
-7.512433
-7.512433
-7.512433
-7.512433
-7.512433
-7.512433
-7.512433
-7.512433
-7.512433
-7.512433
-7.512433
-7.512433
-7.512433
-7.512433
-7.512433
-7.512433
-7.512433
-7.512433
-7.512433
-7.512433
-7.512433
-7.512433
-7.512433
-7.512433
-7.512433
-7.512433
-7.512433
-7.512433
-7.512433
-7.512433
-7.512433
-7.512433
-7.512433
-7.512433
-7.512433
-7.512433
-7.512433
-7.512433
-7.512433
-7.512433
-7.512433
-7.512433
-7.512433
-7.512433
