3.578737
3.572473
3.551066
3.545875
3.535949
3.516648
3.451968
3.442873
3.420395
3.384837
3.356875
3.347906
3.321181
3.275869
3.267218
3.214014
3.156290
3.117461
3.095243
3.092902
3.057879
3.055394
3.025362
3.025221
3.012274
3.003291
2.927934
2.918530
2.822493
2.807436
2.765905
2.756267
2.678547
2.659736
2.636717
2.624104
2.618945
2.605240
2.585149
2.581777
2.575545
2.553398
2.510940
2.508517
2.473092
2.459450
2.458188
2.428502
2.388414
2.378658
2.377120
2.372778
2.347441
2.334490
2.310658
2.300683
2.292666
2.286875
2.284654
2.275076
2.248307
2.244960
2.153792
2.137253
2.119334
2.117141
2.099188
2.046070
2.022289
1.933292
1.932440
1.850116
1.831249
1.788185
1.787785
1.780270
1.773491
1.772552
1.749576
1.598074
1.508439
1.504387
1.430806
1.313551
1.300413
1.276258
1.195497
1.154305
1.149077
1.141633
1.141478
1.110049
1.089720
1.088396
1.029776
1.022642
1.012124
1.004671
0.994648
0.966701
0.845914
0.841140
0.815542
0.806601
0.795356
0.795248
0.696647
0.657939
0.635428
0.634962
0.616942
0.537486
0.516581
0.493146
0.487355
0.380185
0.348858
0.333627
0.317704
0.249164
0.248513
0.232474
0.231514
0.178031
0.175983
0.107254
0.095777
0.085165
0.060509
0.015086
-0.035833
-0.044801
-0.074773
-0.089675
-0.092083
-0.099139
-0.145973
-0.153598
-0.180667
-0.200277
-0.214399
-0.222497
-0.258521
-0.284601
-0.293008
-0.293555
-0.355659
-0.369445
-0.420123
-0.504271
-0.534885
-0.541859
-0.556029
-0.570593
-0.718513
-0.761810
-0.861726
-0.886870
-0.959214
-1.066753
-1.106473
-1.119149
-1.163880
-1.164106
-1.168050
-1.173485
-1.269949
-1.275492
-1.356686
-1.389912
-1.402189
-1.481527
-1.608883
-1.671377
-1.720953
-1.739535
-1.746255
-1.830173
-1.855218
-1.891188
-1.987538
-2.010231
-2.043391
-2.087944
-2.183660
-2.250142
-2.278355
-2.286784
-2.294803
-2.309416
-2.362066
-2.395840
-2.469241
-2.506850
-2.524392
-2.598447
-2.607204
-2.609900
-2.620257
-2.626670
-2.642455
-2.654738
-2.669161
-2.731949
-2.790501
-2.806526
-2.809764
-2.822610
-2.866469
-2.963979
-3.054014
-3.065171
-3.079591
-3.125212
-3.174298
-3.177201
-3.217222
-3.243602
-3.260422
-3.270662
-3.271804
-3.282004
-3.305669
-3.353495
-3.401518
-3.469537
-3.622814
-3.639114
-3.666759
-3.679329
-3.686393
-3.725294
3.566510
3.537265
3.526854
3.497800
3.482787
3.479741
3.477765
3.426570
3.424990
3.376562
3.351325
3.334037
3.325420
3.314641
3.258348
3.229583
3.219928
3.173956
3.167767
3.099722
3.089868
3.073781
3.064370
3.050845
3.031886
3.027221
3.003053
2.928391
2.915040
2.826800
2.779315
2.672021
2.650269
2.645472
2.639391
2.631138
2.615656
2.585033
2.512025
2.492869
2.487854
2.429845
2.428372
2.415314
2.401116
2.394760
2.391654
2.348654
2.218082
2.153782
2.098276
2.093097
2.069992
2.036507
2.008433
1.997623
1.983154
1.899957
1.876229
1.852416
1.840608
1.838931
1.796926
1.743512
1.730665
1.647597
1.637450
1.626224
1.625551
1.584269
1.550419
1.532357
1.523059
1.504874
1.491715
1.482528
1.450500
1.420093
1.401465
1.389646
1.368594
1.360909
1.340520
1.263502
1.261515
1.247163
1.233792
1.155708
1.064268
1.053496
0.918399
0.907063
0.892508
0.854317
0.853377
0.847665
0.840301
0.833352
0.822951
0.821290
0.760352
0.752056
0.722647
0.699434
0.691303
0.665826
0.662870
0.631230
0.597636
0.576429
0.562639
0.560000
0.492816
0.439502
0.408545
0.403542
0.362580
0.358592
0.325365
0.297956
0.264080
0.189586
0.182659
0.167670
0.149874
0.139509
0.126114
0.068570
0.059704
0.049643
0.049605
0.025779
0.007924
-0.072438
-0.100650
-0.122550
-0.130968
-0.143478
-0.182605
-0.308517
-0.327933
-0.342779
-0.363975
-0.389691
-0.440216
-0.465590
-0.528663
-0.613462
-0.644763
-0.652040
-0.670589
-0.693184
-0.771962
-0.783278
-0.793194
-0.846492
-0.866115
-0.896758
-0.921313
-0.988425
-1.099630
-1.107837
-1.118777
-1.148118
-1.183324
-1.215296
-1.260015
-1.300346
-1.332704
-1.332864
-1.355916
-1.386110
-1.401482
-1.429803
-1.481413
-1.487382
-1.491022
-1.523357
-1.592002
-1.679155
-1.681162
-1.684444
-1.724774
-1.741510
-1.754255
-1.754718
-1.764205
-1.789120
-1.850188
-1.928841
-2.023452
-2.036452
-2.068747
-2.129966
-2.162479
-2.171253
-2.204781
-2.219862
-2.236147
-2.242125
-2.259404
-2.265765
-2.283269
-2.303889
-2.342591
-2.363428
-2.376513
-2.385703
-2.393127
-2.394091
-2.395761
-2.443566
-2.529679
-2.530237
-2.600245
-2.637548
-2.668476
-2.677688
-2.678902
-2.727452
-2.735236
-2.783819
-2.788527
-2.814841
-2.817812
-2.831956
-2.853554
-2.922847
-2.961519
-3.056808
-3.069112
-3.073289
-3.078323
-3.086940
-3.103171
-3.119385
-3.134141
-3.202499
-3.294104
-3.316856
-3.331991
-3.344346
-3.367297
-3.429382
-3.450578
-3.477992
-3.489543
-3.568852
-3.657067
-3.687741
-3.708264
-3.709598
-3.710750
-3.714043
-3.718251
-3.733499
3.575278
3.568398
3.562757
3.484080
3.470361
3.355990
3.341698
3.326308
3.300469
3.276719
3.274740
3.271729
3.168816
3.168103
3.157818
3.131980
3.083238
3.083185
2.995930
2.941881
2.925769
2.922809
2.907428
2.900817
2.896510
2.896423
2.891786
2.887790
2.884666
2.846529
2.822813
2.794564
2.783784
2.756556
2.731899
2.716459
2.706595
2.628986
2.628547
2.619834
2.591095
2.525081
2.481252
2.463628
2.401657
2.389633
2.284798
2.279220
2.179058
2.175594
2.160025
2.154183
2.113904
2.093000
2.073630
2.059970
2.034291
2.031982
1.935255
1.908120
1.867640
1.856956
1.834391
1.755991
1.664644
1.611486
1.599056
1.537564
1.516182
1.476277
1.445006
1.401804
1.380387
1.343096
1.328944
1.307842
1.297345
1.294177
1.232795
1.229493
1.218435
1.135847
1.071363
1.041100
1.029674
1.011659
1.007452
0.992330
0.990820
0.964124
0.946110
0.943635
0.906802
0.821460
0.816117
0.791452
0.684466
0.667005
0.624301
0.512879
0.493425
0.489238
0.487810
0.482559
0.480477
0.453405
0.444843
0.395275
0.311649
0.255997
0.205319
0.204772
0.180510
0.173267
0.144607
0.140826
0.109512
0.102925
0.075227
0.060033
0.049544
0.008088
-0.080528
-0.108673
-0.158191
-0.200529
-0.217064
-0.219839
-0.256809
-0.257835
-0.376674
-0.490573
-0.519406
-0.590070
-0.605735
-0.606222
-0.620691
-0.644614
-0.646612
-0.653311
-0.666965
-0.691630
-0.777685
-0.778619
-0.801412
-0.803538
-0.842806
-0.844394
-0.855396
-0.865664
-0.923539
-1.014565
-1.031517
-1.083214
-1.083944
-1.092695
-1.101603
-1.164641
-1.169815
-1.197510
-1.263604
-1.264076
-1.266579
-1.274957
-1.288092
-1.305677
-1.347460
-1.370376
-1.386870
-1.405770
-1.422396
-1.443516
-1.487243
-1.510735
-1.514388
-1.517335
-1.517860
-1.588563
-1.658492
-1.685016
-1.716759
-1.720673
-1.792703
-1.822972
-1.877248
-1.905113
-1.917130
-1.918518
-1.932458
-1.938980
-1.980135
-2.003995
-2.026139
-2.075092
-2.075128
-2.088236
-2.108413
-2.121019
-2.121338
-2.229093
-2.232955
-2.246810
-2.259033
-2.265392
-2.272721
-2.306617
-2.319320
-2.327938
-2.331565
-2.340131
-2.375515
-2.386432
-2.411388
-2.501743
-2.593105
-2.608414
-2.611721
-2.613806
-2.673693
-2.698642
-2.735666
-2.799191
-2.807907
-2.858512
-2.890046
-2.891223
-2.894393
-2.921015
-2.927087
-2.939515
-2.956676
-3.023581
-3.066739
-3.074268
-3.092014
-3.106936
-3.256658
-3.308937
-3.317523
-3.336740
-3.445481
-3.508614
-3.523929
-3.529572
-3.571208
-3.585541
-3.589349
-3.599557
-3.607903
-3.610882
-3.612043
-3.633501
-3.646916
-3.680831
-3.701013
-3.716277
3.557914
3.541345
3.519228
3.487285
3.476040
3.444352
3.389853
3.389049
3.386347
3.358536
3.354961
3.300246
3.188492
3.165441
3.152987
3.119972
3.080582
3.067909
3.062699
3.057810
3.028775
3.018994
3.016134
2.961191
2.935789
2.909271
2.832740
2.811076
2.735827
2.708997
2.689421
2.662636
2.600665
2.588462
2.577611
2.508359
2.502753
2.490750
2.478566
2.471509
2.465528
2.338180
2.336231
2.286229
2.249018
2.232782
2.213282
2.205725
2.183690
2.137754
2.104160
2.093160
2.087573
2.084141
1.946503
1.946126
1.893295
1.853379
1.822379
1.768749
1.768129
1.721960
1.716957
1.688873
1.688177
1.667615
1.612040
1.563768
1.561733
1.530807
1.528642
1.414543
1.414113
1.401260
1.320843
1.318521
1.310393
1.284397
1.249041
1.236950
1.214909
1.212149
1.187238
1.094807
1.059797
1.007779
0.991499
0.989911
0.916870
0.884825
0.806376
0.753089
0.738156
0.729244
0.723566
0.708117
0.686970
0.683179
0.659147
0.654058
0.609922
0.590662
0.571691
0.553673
0.549823
0.537220
0.506573
0.466641
0.452699
0.419930
0.407161
0.396518
0.320929
0.316626
0.311149
0.306199
0.247717
0.246514
0.232909
0.216442
0.193671
0.192321
0.187311
0.178663
0.157367
0.057354
0.045338
0.045021
-0.059874
-0.085579
-0.095043
-0.106719
-0.106743
-0.123571
-0.124327
-0.147159
-0.152831
-0.166305
-0.193302
-0.276839
-0.283582
-0.296185
-0.307077
-0.307307
-0.309594
-0.342785
-0.353783
-0.401550
-0.426936
-0.454279
-0.496465
-0.514378
-0.542826
-0.544173
-0.588570
-0.594535
-0.610584
-0.640058
-0.711764
-0.736912
-0.784833
-0.785807
-0.809585
-0.815979
-0.829567
-0.862971
-0.878180
-0.878303
-0.885580
-0.896499
-0.937536
-0.979090
-1.006012
-1.033995
-1.046825
-1.061627
-1.088405
-1.099020
-1.109430
-1.170482
-1.257630
-1.269134
-1.360844
-1.370096
-1.458988
-1.465475
-1.467896
-1.519151
-1.651113
-1.656941
-1.696869
-1.719990
-1.729413
-1.733736
-1.769712
-1.790850
-1.834157
-1.862622
-1.895117
-1.913026
-2.093959
-2.170901
-2.194934
-2.204193
-2.204432
-2.251786
-2.296351
-2.334236
-2.375911
-2.378491
-2.398422
-2.402046
-2.427961
-2.460403
-2.493523
-2.509168
-2.527586
-2.550304
-2.561761
-2.578737
-2.602308
-2.677915
-2.685150
-2.696652
-2.724405
-2.761472
-2.774345
-2.801971
-2.802767
-2.842823
-2.876294
-2.886465
-2.893822
-2.964765
-2.998865
-2.999570
-3.005621
-3.070102
-3.090226
-3.154679
-3.177592
-3.179501
-3.265362
-3.346849
-3.421165
-3.489414
-3.501226
-3.516437
-3.537058
-3.539722
-3.550963
-3.590227
-3.620018
-3.624774
-3.682913
-3.731114
