7.006177
5.132587
7.687072
8.588408
5.426443
9.677640
8.299308
5.178810
9.161082
9.029169
7.624762
8.133165
7.567764
5.148533
5.865769
8.312983
8.138994
5.111856
8.804604
8.140427
5.292785
7.102640
6.035967
7.179365
6.178380
7.135954
8.100949
5.022137
9.986086
8.865225
6.194205
6.992264
8.997811
8.881276
5.580671
9.424255
8.558917
8.879980
9.603065
7.719999
7.909149
7.227827
5.853165
5.476913
7.376360
6.718934
8.789894
5.515354
6.830790
7.594498
8.655779
7.123575
9.697137
9.691747
9.302940
5.875517
6.827702
7.403891
5.897653
6.813788
6.269115
7.091858
8.806051
5.266927
5.973134
9.386723
9.691181
9.532050
8.266703
9.294247
7.252049
6.175851
6.522073
8.105214
6.652763
8.898432
9.824148
5.442658
9.413786
6.654938
8.037156
8.069565
8.778513
7.734293
7.761312
8.081454
8.609810
9.589014
5.485344
9.507463
6.402802
6.754460
6.599321
5.208853
7.021387
7.572455
9.595576
6.712568
7.104506
7.862278
6.006814
9.356555
9.038129
7.528887
7.461770
5.690892
6.427320
7.285917
6.133551
5.841105
8.940855
9.170706
8.910671
7.719368
6.905000
6.671984
5.800822
5.514810
6.260998
6.286166
5.022273
7.663799
8.040627
6.621594
7.872653
5.062012
9.194049
7.468228
6.774580
6.298555
5.330506
7.781395
5.655110
9.368635
5.310282
8.116879
5.059528
6.737602
5.402796
6.193079
7.578708
9.343652
5.363786
6.489379
7.063020
7.268785
8.161364
7.863842
7.783594
9.422361
9.150008
7.805867
7.086162
7.190634
9.427462
9.958814
7.252646
8.621511
7.427043
9.027225
9.920065
7.757549
6.808621
5.575175
7.126185
7.118903
8.692055
7.185714
8.856505
9.094851
8.378793
6.435214
8.438502
8.742579
7.924593
5.501523
6.011363
6.085956
8.365364
8.794957
5.508318
7.515372
6.600824
7.594480
9.706006
6.028286
7.553292
6.958652
9.649797
9.980335
5.985878
9.569863
7.737885
7.794499
5.145039
9.864070
9.913403
8.837093
7.049784
8.769908
7.931943
5.428576
5.205122
6.370446
9.171153
8.129715
6.871968
5.182517
9.215671
5.237332
8.977473
9.723989
7.752704
5.578298
7.318468
7.458710
6.606585
9.871760
9.417361
6.256382
9.852096
5.403239
5.826245
7.589980
8.197738
5.971283
7.454050
8.111141
9.808376
9.503834
6.881049
7.740320
9.932409
7.086171
9.110765
9.103563
5.215885
5.982734
9.286079
9.431557
6.220066
8.263553
9.155545
8.972770
8.841850
6.474013
6.431479
5.448436
6.345773
5.848841
6.704817
6.197869
6.252080
7.531062
8.787849
9.449818
8.502345
6.241899
7.560959
8.310721
5.745733
9.442007
6.051042
5.678143
6.528178
5.161807
9.781706
6.744064
6.144540
9.067784
6.175620
7.364606
7.331338
5.331165
6.337376
6.173189
6.805178
7.768856
6.621624
8.150951
8.617697
8.326441
9.348821
9.869777
5.857503
8.136671
9.319595
9.359848
9.378571
6.880554
7.670570
5.124304
6.322561
8.721611
5.802446
7.850740
8.883418
5.584152
9.594804
5.027959
9.651937
5.770425
7.392566
6.983275
6.101590
8.729942
8.156463
7.906768
6.498798
9.778088
6.057719
5.116494
8.104528
5.406540
9.986271
8.962031
8.543210
9.305866
8.321880
7.921781
6.186419
5.992451
8.046083
7.508981
9.714063
8.848530
5.359722
8.597481
9.432682
9.954526
8.625441
9.084620
5.724950
6.018006
6.067894
6.826540
9.747948
9.224357
9.733307
6.246746
9.002444
5.791026
6.363240
7.106972
6.197567
6.349511
6.069005
9.740776
5.655377
9.390884
7.662556
6.841797
5.383336
5.708640
9.350778
5.097399
9.557170
9.710499
8.694880
8.989853
9.665025
7.320321
8.074472
5.389975
8.338326
9.142365
7.216515
8.086275
8.366722
6.949821
9.333020
7.369166
7.740848
5.696261
9.476139
8.938416
7.045772
5.545144
8.679191
7.701149
9.936028
6.341748
9.542946
5.319365
7.050388
8.893723
5.416763
6.607558
8.604222
9.111644
5.597411
8.269247
6.431965
8.671883
8.659222
9.770291
7.814248
5.875736
7.856567
6.180970
7.825558
7.189588
8.550137
5.566406
7.885848
8.026276
9.504822
9.931621
8.571419
8.184012
7.632770
8.507447
9.525761
7.175714
8.826811
6.576148
6.069437
9.243575
8.183706
9.673659
8.355219
8.781117
7.942905
9.787184
7.452999
6.602128
9.557475
5.267247
7.477863
7.414042
6.448217
5.303421
9.603629
9.998354
5.869828
7.489477
8.024630
5.374649
7.421098
6.596048
8.558661
5.053866
5.103495
8.084421
7.229581
8.930306
9.660569
8.299018
8.173882
7.844276
7.972677
6.529100
6.625393
5.915584
6.316284
9.078392
7.517710
5.873759
9.345638
9.995574
8.287801
5.793856
5.298995
7.891429
5.792210
6.168823
5.380907
8.816839
6.543471
7.802004
5.412888
5.102133
7.855871
5.516382
8.186554
5.085452
9.446689
7.847124
8.384470
7.620571
5.691400
6.357148
9.149672
7.316792
7.272730
5.465955
6.395185
9.790441
6.339713
5.740824
9.786015
9.627514
6.534680
5.085010
7.518943
7.326890
6.253832
7.899849
6.143728
7.797303
5.701853
6.556616
7.899436
8.557724
7.072998
6.085990
8.643175
6.519687
8.933114
7.027645
9.140258
9.624514
8.384792
8.289929
6.941307
5.657523
8.755884
8.336492
5.447964
5.095597
9.077315
5.233979
9.723111
5.611995
5.318989
7.242054
7.938885
6.572821
5.141904
9.082613
9.370125
5.843757
5.639229
7.269560
9.401480
7.712227
8.355550
8.044655
9.231915
7.288665
5.072300
8.372172
6.913178
8.457093
6.662101
8.854485
9.114616
5.417985
7.190976
9.562580
5.513582
6.268291
9.796559
5.236693
6.880286
5.115548
7.478748
9.819170
6.688368
7.620652
8.901783
6.058492
8.464409
9.541012
8.328053
7.865889
7.253239
6.683602
5.910544
6.485152
8.972267
5.982845
9.857325
5.885445
9.439938
6.519425
9.739929
8.554554
6.937410
6.930905
8.117134
7.450993
8.199196
7.913694
7.687686
5.079482
8.029242
5.166434
9.898652
9.717609
7.787086
8.800434
5.776103
6.251493
8.341446
9.104155
9.117383
5.594685
5.787757
5.027926
7.079837
9.760024
6.010771
6.937161
5.645469
5.450709
8.456587
5.385398
9.005264
5.393997
7.316303
7.122398
7.844989
5.515499
5.036092
5.532675
5.594981
8.065334
5.699109
5.493632
7.782945
8.486195
9.294066
8.559047
9.737688
7.635512
7.663201
8.855071
8.230197
8.450958
8.882998
5.310034
8.210982
9.893769
7.247195
8.856451
5.344479
5.703781
9.241849
9.349742
6.097778
6.558153
6.472140
8.942767
7.073652
6.508234
9.475442
7.668633
9.573568
5.174551
8.162265
7.356513
8.660746
7.456331
5.915560
8.398434
5.091844
8.578760
7.253505
8.322041
7.029719
6.136502
8.632074
5.240702
6.030271
5.879269
9.097154
6.374750
6.583051
8.339004
5.724492
7.680829
9.897156
7.196632
6.623596
6.970809
8.704866
6.099038
9.639441
8.278435
6.273590
7.801705
5.634947
9.934336
5.258037
6.550507
8.332769
5.349880
5.129267
5.586274
8.671922
7.158986
6.722777
7.303995
7.399688
7.753048
8.183264
6.496842
9.127798
9.766314
9.835845
9.852290
7.447143
9.733002
7.048923
9.070739
6.703810
5.753789
5.169777
6.343250
9.032223
6.443366
9.144956
9.667170
6.377702
9.402992
6.217676
9.710471
9.752873
6.346943
5.296745
8.424795
8.505930
7.019522
5.728790
5.905618
9.772570
8.912054
7.402460
8.900368
8.678369
7.238305
8.752658
6.125512
6.971307
5.801580
5.196249
8.675117
6.555370
5.366026
5.018367
5.587593
6.809392
9.163323
5.254764
8.187094
8.566317
6.472440
7.897565
8.319190
7.819383
8.194310
6.743985
6.325312
5.213832
7.472775
7.230930
9.986402
6.384830
9.633389
8.886770
5.063199
6.871696
7.639428
6.188710
8.843002
8.441009
6.384960
7.518119
9.996378
6.750985
7.536486
5.583971
8.560378
6.699809
5.838735
6.747472
5.266125
7.311174
9.645037
8.585316
5.130557
7.839346
5.329301
6.455869
8.053179
7.802076
8.686799
8.039580
9.186907
8.320189
6.926351
9.250106
5.191885
9.565779
5.438815
9.034886
8.006786
6.823775
6.553006
8.003164
8.574760
9.089491
8.587136
7.135139
5.789300
9.425871
8.882609
6.055426
6.737045
8.527646
9.640741
6.867602
6.366992
9.970041
8.323471
9.420171
7.772119
7.010270
7.459751
6.959024
5.330459
9.386102
6.209130
5.522343
8.951881
6.647945
9.557230
6.958668
8.471720
6.110235
9.961832
7.046481
5.199727
8.548968
9.181620
5.989027
7.974839
8.064230
7.044453
9.711884
6.591876
6.685194
6.579486
7.958869
6.655235
9.902957
7.379040
9.427353
6.913227
9.838791
6.386378
7.243686
9.224894
7.595509
7.766028
8.176774
9.243454
7.323258
5.135441
7.715175
8.433494
5.097274
9.761657
8.633221
8.646242
8.943276
9.622248
6.621082
7.007506
6.666699
6.332966
8.599382
8.351893
7.912452
6.558250
5.007128
7.815409
8.937290
9.434482
9.728636
8.776081
5.820860
6.972322
8.000975
8.416368
9.738351
6.177749
7.659823
7.061609
6.313190
5.374998
5.495103
6.410464
5.136654
9.128324
5.056706
9.079931
8.750570
6.677789
6.087437
5.417270
8.010755
9.686818
8.769163
5.923206
6.245069
8.776292
8.738615
5.182359
8.210773
8.467253
8.958440
9.031633
5.439573
6.959414
7.448002
5.177925
8.137163
5.107825
7.239533
9.450353
5.482823
7.734636
5.860817
5.619478
6.862960
5.917524
9.699409
5.613530
7.595312
5.786845
6.030800
5.606066
5.473663
9.799963
6.529273
6.718732
8.576255
5.267888
6.901090
6.787028
8.735140
5.859530
5.818661
9.174714
7.818944
8.266664
9.352638
5.956106
8.374489
6.592172
5.406460
8.857312
9.326809
6.267276
9.476790
6.189768
7.184801
9.176198
6.803298
9.780112
9.963043
7.834098
5.386178
5.436707
7.634062
6.915451
7.155438
6.210317
7.183340
9.056529
7.997345
5.918479
9.916059
8.816005
5.093193
7.735003
7.082668
9.445831
8.691110
5.457158
6.038003
9.097569
9.314469
5.364811
5.364845
8.791260
6.554580
7.549645
7.967458
8.357878
7.329758
7.930501
6.191976
7.715937
8.367208
8.826038
9.631388
5.522646
