9.998354
9.996378
9.986402
9.986086
9.980335
9.958814
9.932409
9.920065
9.913403
9.871760
9.864070
9.852096
9.824148
9.808376
9.723989
9.706006
9.697137
9.691747
9.691181
9.677640
9.649797
9.603065
9.595576
9.589014
9.569863
9.532050
9.507463
9.503834
9.449818
9.431557
9.427462
9.424255
9.422361
9.417361
9.413786
9.386723
9.368635
9.356555
9.343652
9.302940
9.294247
9.286079
9.215671
9.194049
9.171153
9.170706
9.161082
9.155545
9.150008
9.110765
9.103563
9.094851
9.038129
9.029169
9.027225
8.997811
8.977473
8.972770
8.940855
8.910671
8.898432
8.881276
8.879980
8.865225
8.856505
8.841850
8.837093
8.806051
8.804604
8.794957
8.789894
8.787849
8.778513
8.769908
8.742579
8.692055
8.655779
8.621511
8.609810
8.588408
8.558917
8.438502
8.378793
8.365364
8.312983
8.299308
8.266703
8.263553
8.197738
8.161364
8.140427
8.138994
8.133165
8.129715
8.116879
8.111141
8.105214
8.100949
8.081454
8.069565
8.040627
8.037156
7.931943
7.924593
7.909149
7.872653
7.863842
7.862278
7.805867
7.794499
7.783594
7.781395
7.761312
7.757549
7.752704
7.740320
7.737885
7.734293
7.719999
7.719368
7.687072
7.663799
7.624762
7.594498
7.594480
7.589980
7.578708
7.572455
7.567764
7.553292
7.531062
7.528887
7.515372
7.468228
7.461770
7.458710
7.454050
7.427043
7.403891
7.376360
7.318468
7.285917
7.268785
7.252646
7.252049
7.227827
7.190634
7.185714
7.179365
7.135954
7.126185
7.123575
7.118903
7.104506
7.102640
7.091858
7.086171
7.086162
7.063020
7.049784
7.021387
7.006177
6.992264
6.958652
6.905000
6.881049
6.871968
6.830790
6.827702
6.813788
6.808621
6.774580
6.754460
6.737602
6.718934
6.712568
6.704817
6.671984
6.654938
6.652763
6.621594
6.606585
6.600824
6.599321
6.522073
6.489379
6.474013
6.435214
6.431479
6.427320
6.402802
6.370446
6.345773
6.298555
6.286166
6.269115
6.260998
6.256382
6.252080
6.220066
6.197869
6.194205
6.193079
6.178380
6.175851
6.133551
6.085956
6.035967
6.028286
6.011363
6.006814
5.985878
5.982734
5.973134
5.971283
5.897653
5.875517
5.865769
5.853165
5.848841
5.841105
5.826245
5.800822
5.690892
5.655110
5.580671
5.578298
5.575175
5.515354
5.514810
5.508318
5.501523
5.485344
5.476913
5.448436
5.442658
5.428576
5.426443
5.403239
5.402796
5.363786
5.330506
5.310282
5.292785
5.266927
5.237332
5.215885
5.208853
5.205122
5.182517
5.178810
5.148533
5.145039
5.132587
5.111856
5.062012
5.059528
9.970041
9.995574
9.934336
9.963043
9.986271
9.898652
9.961832
9.954526
9.897156
9.916059
9.936028
9.893769
9.902957
9.931621
9.857325
9.838791
9.869777
9.852290
9.799963
9.790441
9.835845
9.780112
9.787184
9.819170
9.761657
9.786015
9.796559
9.738351
9.781706
9.772570
9.728636
9.778088
9.766314
9.711884
9.770291
9.760024
9.699409
9.747948
9.752873
9.686818
9.740776
9.739929
9.645037
9.733307
9.737688
9.640741
9.714063
9.733002
9.631388
9.710499
9.723111
9.622248
9.673659
9.717609
9.565779
9.665025
9.710471
9.557230
9.660569
9.667170
9.476790
9.651937
9.639441
9.450353
9.627514
9.633389
9.445831
9.624514
9.573568
9.434482
9.603629
9.562580
9.427353
9.594804
9.541012
9.425871
9.557475
9.475442
9.420171
9.557170
9.439938
9.386102
9.542946
9.402992
9.352638
9.525761
9.401480
9.326809
9.504822
9.370125
9.314469
9.476139
9.349742
9.250106
9.446689
9.294066
9.243454
9.442007
9.241849
9.224894
9.432682
9.231915
9.186907
9.390884
9.163323
9.181620
9.378571
9.144956
9.176198
9.359848
9.127798
9.174714
9.350778
9.117383
9.128324
9.348821
9.114616
9.097569
9.345638
9.104155
9.089491
9.333020
9.097154
9.079931
9.319595
9.082613
9.056529
9.305866
9.077315
9.034886
9.243575
9.070739
9.031633
9.224357
9.032223
8.958440
9.149672
9.005264
8.951881
9.142365
8.972267
8.943276
9.140258
8.942767
8.937290
9.111644
8.912054
8.882609
9.084620
8.901783
8.857312
9.078392
8.900368
8.826038
9.067784
8.886770
8.816005
9.002444
8.882998
8.791260
8.989853
8.856451
8.776292
8.962031
8.855071
8.776081
8.938416
8.854485
8.769163
8.933114
8.843002
8.750570
8.930306
8.800434
8.738615
8.893723
8.755884
8.735140
8.883418
8.752658
8.691110
8.848530
8.704866
8.686799
8.826811
8.678369
8.646242
8.816839
8.675117
8.633221
8.781117
8.671922
8.599382
8.729942
8.660746
8.587136
8.721611
8.632074
8.585316
8.694880
8.578760
8.576255
8.679191
8.566317
8.574760
8.671883
8.559047
8.560378
8.659222
8.554554
8.548968
8.643175
8.505930
8.527646
8.625441
8.486195
8.471720
8.617697
8.464409
8.467253
8.604222
8.457093
8.433494
8.597481
8.456587
8.416368
8.571419
8.450958
8.374489
8.558661
8.441009
8.367208
8.557724
8.424795
8.357878
8.550137
8.398434
8.351893
8.543210
8.384792
8.323471
8.507447
8.372172
8.320189
8.502345
8.355550
8.266664
8.384470
8.341446
8.210773
8.366722
8.339004
8.176774
8.355219
8.336492
8.137163
8.338326
8.332769
8.064230
8.326441
8.328053
8.053179
8.321880
8.322041
8.039580
8.310721
8.319190
8.010755
8.299018
8.289929
8.006786
8.287801
8.278435
8.003164
8.269247
8.230197
8.000975
8.186554
8.210982
7.997345
8.184012
8.199196
7.974839
8.183706
8.194310
7.967458
8.173882
8.187094
7.958869
8.156463
8.183264
7.930501
8.150951
8.162265
7.912452
8.136671
8.117134
7.839346
8.104528
8.065334
7.834098
8.086275
8.044655
7.818944
8.084421
8.029242
7.815409
8.074472
7.938885
7.802076
8.046083
7.913694
7.772119
8.026276
7.897565
7.766028
8.024630
7.865889
7.735003
7.972677
7.844989
7.734636
7.942905
7.819383
7.715937
7.921781
7.801705
7.715175
7.906768
7.787086
7.659823
7.899849
7.782945
7.634062
7.899436
7.753048
7.595509
7.891429
7.712227
7.595312
7.885848
7.687686
7.549645
7.856567
7.680829
7.536486
7.855871
7.668633
7.518119
7.850740
7.663201
7.459751
7.847124
7.639428
7.448002
7.844276
7.635512
7.379040
7.825558
7.620652
7.329758
7.814248
7.478748
7.323258
7.802004
7.472775
7.311174
7.797303
7.456331
7.243686
7.768856
7.450993
7.239533
7.740848
7.447143
7.184801
7.701149
7.402460
7.183340
7.670570
7.399688
7.155438
7.662556
7.356513
7.135139
7.632770
7.316303
7.082668
7.620571
7.303995
7.061609
7.560959
7.288665
7.046481
7.518943
7.269560
7.044453
7.517710
7.253505
7.010270
7.508981
7.253239
7.007506
7.489477
7.247195
6.972322
7.477863
7.242054
6.959414
7.452999
7.238305
6.959024
7.421098
7.230930
6.958668
7.414042
7.196632
6.926351
7.392566
7.190976
6.915451
7.369166
7.158986
6.913227
7.364606
7.122398
6.901090
7.331338
7.079837
6.867602
7.326890
7.073652
6.862960
7.320321
7.048923
6.823775
7.316792
7.029719
6.803298
7.272730
7.019522
6.787028
7.229581
6.971307
6.750985
7.216515
6.970809
6.747472
7.189588
6.941307
6.737045
7.175714
6.937410
6.718732
7.106972
6.937161
6.699809
7.072998
6.930905
6.685194
7.050388
6.913178
6.677789
7.045772
6.880286
6.666699
7.027645
6.871696
6.655235
6.983275
6.809392
6.647945
6.949821
6.743985
6.621082
6.880554
6.722777
6.592172
6.841797
6.703810
6.591876
6.826540
6.688368
6.579486
6.805178
6.683602
6.558250
6.744064
6.662101
6.554580
6.625393
6.623596
6.553006
6.621624
6.583051
6.529273
6.607558
6.572821
6.455869
6.602128
6.558153
6.410464
6.596048
6.555370
6.386378
6.576148
6.550507
6.366992
6.556616
6.519425
6.332966
6.543471
6.508234
6.313190
6.534680
6.496842
6.267276
6.529100
6.485152
6.245069
6.528178
6.472440
6.210317
6.519687
6.472140
6.209130
6.498798
6.443366
6.191976
6.448217
6.384960
6.189768
6.431965
6.384830
6.177749
6.395185
6.377702
6.110235
6.363240
6.374750
6.087437
6.357148
6.346943
6.055426
6.349511
6.343250
6.038003
6.341748
6.325312
6.030800
6.339713
6.273590
5.989027
6.337376
6.268291
5.956106
6.322561
6.251493
5.923206
6.316284
6.217676
5.918479
6.253832
6.188710
5.917524
6.246746
6.136502
5.860817
6.241899
6.125512
5.859530
6.197567
6.099038
5.838735
6.186419
6.097778
5.820860
6.180970
6.058492
5.818661
6.175620
6.030271
5.789300
6.173189
6.010771
5.786845
6.168823
5.982845
5.619478
6.144540
5.915560
5.613530
6.143728
5.910544
5.606066
6.101590
5.905618
5.583971
6.085990
5.885445
5.522646
6.069437
5.879269
5.522343
6.069005
5.843757
5.495103
6.067894
5.801580
5.482823
6.057719
5.787757
5.473663
6.051042
5.776103
5.457158
6.018006
5.753789
5.439573
5.992451
5.728790
5.438815
5.915584
5.724492
5.436707
5.875736
5.703781
5.417270
5.873759
5.699109
5.406460
5.869828
5.657523
5.386178
5.857503
5.645469
5.374998
5.802446
5.639229
5.364845
5.793856
5.634947
5.364811
5.792210
5.611995
5.330459
5.791026
5.594981
5.329301
5.770425
5.594685
5.267888
5.745733
5.587593
5.266125
5.740824
5.586274
5.199727
5.724950
5.532675
5.191885
5.708640
5.515499
5.182359
5.701853
5.513582
5.177925
5.696261
5.493632
5.136654
5.691400
5.450709
5.135441
5.678143
5.447964
5.130557
5.655377
5.417985
5.107825
5.597411
5.393997
5.097274
5.584152
5.385398
5.093193
5.566406
5.366026
5.056706
5.545144
5.349880
5.022273
5.022137
5.516382
5.344479
5.465955
5.318989
5.416763
5.310034
5.412888
5.296745
5.406540
5.258037
5.389975
5.254764
5.383336
5.240702
5.380907
5.236693
5.374649
5.233979
5.359722
5.213832
5.331165
5.196249
5.319365
5.174551
5.303421
5.169777
5.298995
5.166434
5.267247
5.141904
5.161807
5.129267
5.124304
5.115548
5.116494
5.095597
5.103495
5.091844
5.102133
5.079482
5.097399
5.072300
5.085452
5.063199
5.085010
5.036092
5.053866
5.027926
5.027959
5.018367
5.007128
