9.986402
9.934336
9.898652
9.897156
9.893769
9.857325
9.852290
9.835845
9.819170
9.796559
9.772570
9.766314
9.760024
9.752873
9.739929
9.737688
9.733002
9.723111
9.717609
9.710471
9.667170
9.639441
9.633389
9.573568
9.562580
9.541012
9.475442
9.439938
9.402992
9.401480
9.370125
9.349742
9.294066
9.241849
9.231915
9.163323
9.144956
9.127798
9.117383
9.114616
9.104155
9.097154
9.082613
9.077315
9.070739
9.032223
9.005264
8.972267
8.942767
8.912054
8.901783
8.900368
8.886770
8.882998
8.856451
8.855071
8.854485
8.843002
8.800434
8.755884
8.752658
8.704866
8.678369
8.675117
8.671922
8.660746
8.632074
8.578760
8.566317
8.559047
8.554554
8.505930
8.486195
8.464409
8.457093
8.456587
8.450958
8.441009
8.424795
8.398434
8.384792
8.372172
8.355550
8.341446
8.339004
8.336492
8.332769
8.328053
8.322041
8.319190
8.289929
8.278435
8.230197
8.210982
8.199196
8.194310
8.187094
8.183264
8.162265
8.117134
8.065334
8.044655
8.029242
7.938885
7.913694
7.897565
7.865889
7.844989
7.819383
7.801705
7.787086
7.782945
7.753048
7.712227
7.687686
7.680829
7.668633
7.663201
7.639428
7.635512
7.620652
7.478748
7.472775
7.456331
7.450993
7.447143
7.402460
7.399688
7.356513
7.316303
7.303995
7.288665
7.269560
7.253505
7.253239
7.247195
7.242054
7.238305
7.230930
7.196632
7.190976
7.158986
7.122398
7.079837
7.073652
7.048923
7.029719
7.019522
6.971307
6.970809
6.941307
6.937410
6.937161
6.930905
6.913178
6.880286
6.871696
6.809392
6.743985
6.722777
6.703810
6.688368
6.683602
6.662101
6.623596
6.583051
6.572821
6.558153
6.555370
6.550507
6.519425
6.508234
6.496842
6.485152
6.472440
6.472140
6.443366
6.384960
6.384830
6.377702
6.374750
6.346943
6.343250
6.325312
6.273590
6.268291
6.251493
6.217676
6.188710
6.136502
6.125512
6.099038
6.097778
6.058492
6.030271
6.010771
5.982845
5.915560
5.910544
5.905618
5.885445
5.879269
5.843757
5.801580
5.787757
5.776103
5.753789
5.728790
5.724492
5.703781
5.699109
5.657523
5.645469
5.639229
5.634947
5.611995
5.594981
5.594685
5.587593
5.586274
5.532675
5.515499
5.513582
5.493632
5.450709
5.447964
5.417985
5.393997
5.385398
5.366026
5.349880
5.344479
5.318989
5.310034
5.296745
5.258037
5.254764
5.240702
5.236693
5.233979
5.213832
5.196249
5.174551
5.169777
5.166434
5.141904
5.129267
5.115548
5.095597
5.091844
5.079482
5.072300
5.063199
5.036092
5.027926
5.018367
