9.996378
9.970041
9.963043
9.961832
9.916059
9.902957
9.838791
9.799963
9.780112
9.761657
9.738351
9.728636
9.711884
9.699409
9.686818
9.645037
9.640741
9.631388
9.622248
9.565779
9.557230
9.476790
9.450353
9.445831
9.434482
9.427353
9.425871
9.420171
9.386102
9.352638
9.326809
9.314469
9.250106
9.243454
9.224894
9.186907
9.181620
9.176198
9.174714
9.128324
9.097569
9.089491
9.079931
9.056529
9.034886
9.031633
8.958440
8.951881
8.943276
8.937290
8.882609
8.857312
8.826038
8.816005
8.791260
8.776292
8.776081
8.769163
8.750570
8.738615
8.735140
8.691110
8.686799
8.646242
8.633221
8.599382
8.587136
8.585316
8.576255
8.574760
8.560378
8.548968
8.527646
8.471720
8.467253
8.433494
8.416368
8.374489
8.367208
8.357878
8.351893
8.323471
8.320189
8.266664
8.210773
8.176774
8.137163
8.064230
8.053179
8.039580
8.010755
8.006786
8.003164
8.000975
7.997345
7.974839
7.967458
7.958869
7.930501
7.912452
7.839346
7.834098
7.818944
7.815409
7.802076
7.772119
7.766028
7.735003
7.734636
7.715937
7.715175
7.659823
7.634062
7.595509
7.595312
7.549645
7.536486
7.518119
7.459751
7.448002
7.379040
7.329758
7.323258
7.311174
7.243686
7.239533
7.184801
7.183340
7.155438
7.135139
7.082668
7.061609
7.046481
7.044453
7.010270
7.007506
6.972322
6.959414
6.959024
6.958668
6.926351
6.915451
6.913227
6.901090
6.867602
6.862960
6.823775
6.803298
6.787028
6.750985
6.747472
6.737045
6.718732
6.699809
6.685194
6.677789
6.666699
6.655235
6.647945
6.621082
6.592172
6.591876
6.579486
6.558250
6.554580
6.553006
6.529273
6.455869
6.410464
6.386378
6.366992
6.332966
6.313190
6.267276
6.245069
6.210317
6.209130
6.191976
6.189768
6.177749
6.110235
6.087437
6.055426
6.038003
6.030800
5.989027
5.956106
5.923206
5.918479
5.917524
5.860817
5.859530
5.838735
5.820860
5.818661
5.789300
5.786845
5.619478
5.613530
5.606066
5.583971
5.522646
5.522343
5.495103
5.482823
5.473663
5.457158
5.439573
5.438815
5.436707
5.417270
5.406460
5.386178
5.374998
5.364845
5.364811
5.330459
5.329301
5.267888
5.266125
5.199727
5.191885
5.182359
5.177925
5.136654
5.135441
5.130557
5.107825
5.097274
5.093193
5.056706
5.007128
