9.998354
9.995574
9.986271
9.954526
9.936028
9.931621
9.869777
9.790441
9.787184
9.786015
9.781706
9.778088
9.770291
9.747948
9.740776
9.733307
9.714063
9.710499
9.673659
9.665025
9.660569
9.651937
9.627514
9.624514
9.603629
9.594804
9.557475
9.557170
9.542946
9.525761
9.504822
9.476139
9.446689
9.442007
9.432682
9.390884
9.378571
9.359848
9.350778
9.348821
9.345638
9.333020
9.319595
9.305866
9.243575
9.224357
9.149672
9.142365
9.140258
9.111644
9.084620
9.078392
9.067784
9.002444
8.989853
8.962031
8.938416
8.933114
8.930306
8.893723
8.883418
8.848530
8.826811
8.816839
8.781117
8.729942
8.721611
8.694880
8.679191
8.671883
8.659222
8.643175
8.625441
8.617697
8.604222
8.597481
8.571419
8.558661
8.557724
8.550137
8.543210
8.507447
8.502345
8.384470
8.366722
8.355219
8.338326
8.326441
8.321880
8.310721
8.299018
8.287801
8.269247
8.186554
8.184012
8.183706
8.173882
8.156463
8.150951
8.136671
8.104528
8.086275
8.084421
8.074472
8.046083
8.026276
8.024630
7.972677
7.942905
7.921781
7.906768
7.899849
7.899436
7.891429
7.885848
7.856567
7.855871
7.850740
7.847124
7.844276
7.825558
7.814248
7.802004
7.797303
7.768856
7.740848
7.701149
7.670570
7.662556
7.632770
7.620571
7.560959
7.518943
7.517710
7.508981
7.489477
7.477863
7.452999
7.421098
7.414042
7.392566
7.369166
7.364606
7.331338
7.326890
7.320321
7.316792
7.272730
7.229581
7.216515
7.189588
7.175714
7.106972
7.072998
7.050388
7.045772
7.027645
6.983275
6.949821
6.880554
6.841797
6.826540
6.805178
6.744064
6.625393
6.621624
6.607558
6.602128
6.596048
6.576148
6.556616
6.543471
6.534680
6.529100
6.528178
6.519687
6.498798
6.448217
6.431965
6.395185
6.363240
6.357148
6.349511
6.341748
6.339713
6.337376
6.322561
6.316284
6.253832
6.246746
6.241899
6.197567
6.186419
6.180970
6.175620
6.173189
6.168823
6.144540
6.143728
6.101590
6.085990
6.069437
6.069005
6.067894
6.057719
6.051042
6.018006
5.992451
5.915584
5.875736
5.873759
5.869828
5.857503
5.802446
5.793856
5.792210
5.791026
5.770425
5.745733
5.740824
5.724950
5.708640
5.701853
5.696261
5.691400
5.678143
5.655377
5.597411
5.584152
5.566406
5.545144
5.516382
5.465955
5.416763
5.412888
5.406540
5.389975
5.383336
5.380907
5.374649
5.359722
5.331165
5.319365
5.303421
5.298995
5.267247
5.161807
5.124304
5.116494
5.103495
5.102133
5.097399
5.085452
5.085010
5.053866
5.027959
