9.986086
9.980335
9.958814
9.932409
9.920065
9.913403
9.871760
9.864070
9.852096
9.824148
9.808376
9.723989
9.706006
9.697137
9.691747
9.691181
9.677640
9.649797
9.603065
9.595576
9.589014
9.569863
9.532050
9.507463
9.503834
9.449818
9.431557
9.427462
9.424255
9.422361
9.417361
9.413786
9.386723
9.368635
9.356555
9.343652
9.302940
9.294247
9.286079
9.215671
9.194049
9.171153
9.170706
9.161082
9.155545
9.150008
9.110765
9.103563
9.094851
9.038129
9.029169
9.027225
8.997811
8.977473
8.972770
8.940855
8.910671
8.898432
8.881276
8.879980
8.865225
8.856505
8.841850
8.837093
8.806051
8.804604
8.794957
8.789894
8.787849
8.778513
8.769908
8.742579
8.692055
8.655779
8.621511
8.609810
8.588408
8.558917
8.438502
8.378793
8.365364
8.312983
8.299308
8.266703
8.263553
8.197738
8.161364
8.140427
8.138994
8.133165
8.129715
8.116879
8.111141
8.105214
8.100949
8.081454
8.069565
8.040627
8.037156
7.931943
7.924593
7.909149
7.872653
7.863842
7.862278
7.805867
7.794499
7.783594
7.781395
7.761312
7.757549
7.752704
7.740320
7.737885
7.734293
7.719999
7.719368
7.687072
7.663799
7.624762
7.594498
7.594480
7.589980
7.578708
7.572455
7.567764
7.553292
7.531062
7.528887
7.515372
7.468228
7.461770
7.458710
7.454050
7.427043
7.403891
7.376360
7.318468
7.285917
7.268785
7.252646
7.252049
7.227827
7.190634
7.185714
7.179365
7.135954
7.126185
7.123575
7.118903
7.104506
7.102640
7.091858
7.086171
7.086162
7.063020
7.049784
7.021387
7.006177
6.992264
6.958652
6.905000
6.881049
6.871968
6.830790
6.827702
6.813788
6.808621
6.774580
6.754460
6.737602
6.718934
6.712568
6.704817
6.671984
6.654938
6.652763
6.621594
6.606585
6.600824
6.599321
6.522073
6.489379
6.474013
6.435214
6.431479
6.427320
6.402802
6.370446
6.345773
6.298555
6.286166
6.269115
6.260998
6.256382
6.252080
6.220066
6.197869
6.194205
6.193079
6.178380
6.175851
6.133551
6.085956
6.035967
6.028286
6.011363
6.006814
5.985878
5.982734
5.973134
5.971283
5.897653
5.875517
5.865769
5.853165
5.848841
5.841105
5.826245
5.800822
5.690892
5.655110
5.580671
5.578298
5.575175
5.515354
5.514810
5.508318
5.501523
5.485344
5.476913
5.448436
5.442658
5.428576
5.426443
5.403239
5.402796
5.363786
5.330506
5.310282
5.292785
5.266927
5.237332
5.215885
5.208853
5.205122
5.182517
5.178810
5.148533
5.145039
5.132587
5.111856
5.062012
5.059528
5.022273
5.022137
