2.504901
2.502925
2.492949
2.492633
2.486883
2.465361
2.438957
2.426612
2.419950
2.378308
2.370617
2.358643
2.330696
2.314924
2.230536
2.212554
2.203684
2.198294
2.197729
2.184187
2.156345
2.109612
2.102124
2.095562
2.076411
2.038598
2.014010
2.010381
1.956365
1.938104
1.934009
1.930803
1.928909
1.923909
1.920333
1.893270
1.875183
1.863102
1.850199
1.809488
1.800794
1.792627
1.722218
1.700596
1.677701
1.677253
1.667630
1.662093
1.656556
1.617312
1.610111
1.601398
1.544676
1.535717
1.533772
1.504359
1.484021
1.479317
1.447402
1.417219
1.404979
1.387824
1.386528
1.371772
1.363053
1.348398
1.343641
1.312599
1.311151
1.301505
1.296442
1.294397
1.285060
1.276455
1.249126
1.198602
1.162326
1.128058
1.116357
1.094955
1.065464
0.945050
0.885340
0.871912
0.819530
0.805855
0.773250
0.770100
0.704285
0.667911
0.646974
0.645542
0.639713
0.636262
0.623426
0.617689
0.611762
0.607497
0.588002
0.576112
0.547174
0.543704
0.438490
0.431140
0.415697
0.379200
0.370389
0.368825
0.312415
0.301046
0.290142
0.287942
0.267859
0.264096
0.259252
0.246868
0.244432
0.240840
0.226546
0.225915
0.193619
0.170346
0.131310
0.101046
0.101027
0.096528
0.085256
0.079002
0.074311
0.059839
0.037610
0.035434
0.021919
-0.025225
-0.031682
-0.034742
-0.039402
-0.066410
-0.089561
-0.117093
-0.174984
-0.207536
-0.224668
-0.240807
-0.241404
-0.265625
-0.302819
-0.307739
-0.314087
-0.357499
-0.367268
-0.369877
-0.374549
-0.388947
-0.390812
-0.401595
-0.407281
-0.407290
-0.430433
-0.443668
-0.472065
-0.487276
-0.501189
-0.534801
-0.588452
-0.612403
-0.621485
-0.662663
-0.665751
-0.679665
-0.684832
-0.718873
-0.738993
-0.755851
-0.774518
-0.780885
-0.788636
-0.821468
-0.838514
-0.840690
-0.871859
-0.886868
-0.892629
-0.894132
-0.971380
-1.004074
-1.019440
-1.058239
-1.061974
-1.066133
-1.090651
-1.123006
-1.147679
-1.194898
-1.207286
-1.224338
-1.232455
-1.237071
-1.241373
-1.273386
-1.295584
-1.299248
-1.300374
-1.315073
-1.317602
-1.359901
-1.407496
-1.457486
-1.465167
-1.482090
-1.486639
-1.507575
-1.510718
-1.520319
-1.522170
-1.595799
-1.617936
-1.627684
-1.640287
-1.644611
-1.652348
-1.667208
-1.692631
-1.802560
-1.838343
-1.912782
-1.915154
-1.918278
-1.978098
-1.978642
-1.985135
-1.991930
-2.008109
-2.016540
-2.045017
-2.050795
-2.064877
-2.067009
-2.090214
-2.090657
-2.129666
-2.162947
-2.183171
-2.200667
-2.226526
-2.256121
-2.277567
-2.284600
-2.288331
-2.310935
-2.314642
-2.344920
-2.348413
-2.360866
-2.381597
-2.431440
-2.433925
2.476589
2.502121
2.440883
2.469591
2.492818
2.405200
2.468379
2.461073
2.403703
2.422606
2.442575
2.400317
2.409504
2.438168
2.363872
2.345338
2.376324
2.358838
2.306510
2.296988
2.342392
2.286660
2.293731
2.325717
2.268204
2.292562
2.303107
2.244898
2.288253
2.279117
2.235183
2.284635
2.272861
2.218431
2.276839
2.266572
2.205956
2.254495
2.259421
2.193366
2.247324
2.246477
2.151584
2.239854
2.244236
2.147289
2.220610
2.239549
2.137935
2.217046
2.229659
2.128795
2.180207
2.224157
2.072326
2.171572
2.217019
2.063777
2.167117
2.173717
1.983338
2.158484
2.145988
1.956900
2.134061
2.139936
1.952379
2.131061
2.080116
1.941029
2.110177
2.069128
1.933900
2.101351
2.047559
1.932418
2.064023
1.981989
1.926718
2.063717
1.946485
1.892649
2.049493
1.909540
1.859186
2.032308
1.908027
1.833356
2.011369
1.876672
1.821017
1.982687
1.856289
1.756653
1.953236
1.800614
1.750001
1.948555
1.748396
1.731441
1.939229
1.738462
1.693454
1.897432
1.669871
1.688167
1.885118
1.651503
1.682745
1.866395
1.634346
1.681262
1.857325
1.623930
1.634871
1.855368
1.621164
1.604116
1.852186
1.610702
1.596038
1.839568
1.603701
1.586479
1.826143
1.589160
1.563076
1.812414
1.583863
1.541434
1.750123
1.577286
1.538181
1.730904
1.538770
1.464987
1.656219
1.511812
1.458429
1.648912
1.478815
1.449824
1.646805
1.449315
1.443838
1.618191
1.418602
1.389157
1.591167
1.408330
1.363860
1.584939
1.406915
1.332586
1.574332
1.393318
1.322552
1.508992
1.389545
1.297807
1.496400
1.362998
1.282839
1.468579
1.361619
1.282629
1.444963
1.361032
1.275711
1.439662
1.349550
1.257118
1.436854
1.306982
1.245162
1.400270
1.262432
1.241687
1.389966
1.259205
1.197657
1.355077
1.211414
1.193347
1.333358
1.184916
1.152790
1.323387
1.181664
1.139768
1.287665
1.178469
1.105930
1.236490
1.167293
1.093684
1.228158
1.138622
1.091863
1.201427
1.085308
1.082802
1.185738
1.072864
1.081308
1.178430
1.065594
1.066926
1.165769
1.061101
1.055516
1.149723
1.012477
1.034194
1.131988
0.992742
0.978267
1.124244
0.970956
0.973800
1.110770
0.963641
0.940041
1.104028
0.963134
0.922915
1.077966
0.957506
0.881036
1.065208
0.947556
0.873755
1.064271
0.931343
0.864425
1.056684
0.904981
0.858441
1.049757
0.891340
0.830019
1.013995
0.878720
0.826736
1.008893
0.862097
0.773211
0.891017
0.847993
0.717320
0.873270
0.845551
0.683321
0.861766
0.843039
0.643711
0.844874
0.839317
0.570777
0.832988
0.834600
0.559726
0.828428
0.828588
0.546128
0.817269
0.825737
0.517302
0.805565
0.796477
0.513334
0.794348
0.784982
0.509712
0.775795
0.736744
0.507522
0.693101
0.717530
0.503892
0.690560
0.705743
0.481387
0.690254
0.700858
0.474005
0.680429
0.693641
0.465416
0.663010
0.689811
0.437048
0.657499
0.668812
0.418999
0.643219
0.623682
0.345893
0.611076
0.571882
0.340645
0.592823
0.551202
0.325491
0.590969
0.535789
0.321957
0.581020
0.445433
0.308623
0.552631
0.420241
0.278666
0.532823
0.404112
0.272575
0.531177
0.372437
0.241550
0.479224
0.351536
0.241183
0.449452
0.325931
0.222485
0.428329
0.308252
0.221723
0.413315
0.293633
0.166370
0.406396
0.289493
0.140609
0.405983
0.259595
0.102057
0.397976
0.218774
0.101860
0.392395
0.194233
0.056192
0.363114
0.187376
0.043034
0.362419
0.175180
0.024666
0.357287
0.169748
-0.033701
0.353672
0.145976
-0.045451
0.350823
0.142059
-0.114413
0.332106
0.127200
-0.163694
0.320796
-0.014705
-0.170195
0.308551
-0.020678
-0.182279
0.303851
-0.037122
-0.249766
0.275403
-0.042459
-0.253920
0.247396
-0.046309
-0.308651
0.207696
-0.090992
-0.310112
0.177117
-0.093765
-0.338015
0.169104
-0.136940
-0.358314
0.139318
-0.177150
-0.410785
0.127119
-0.189457
-0.431844
0.067506
-0.204788
-0.446971
0.025490
-0.223893
-0.448999
0.024258
-0.239948
-0.483182
0.015528
-0.240213
-0.485947
-0.003975
-0.246258
-0.521131
-0.015590
-0.251399
-0.534039
-0.040453
-0.255147
-0.534429
-0.072355
-0.262523
-0.534785
-0.079411
-0.296821
-0.567101
-0.100886
-0.302476
-0.578001
-0.124287
-0.334466
-0.580225
-0.128847
-0.371055
-0.592362
-0.162115
-0.413616
-0.625851
-0.166563
-0.419801
-0.630493
-0.173131
-0.444530
-0.669678
-0.176661
-0.463734
-0.690155
-0.220723
-0.473930
-0.706425
-0.263872
-0.522146
-0.742467
-0.276937
-0.522644
-0.745981
-0.303864
-0.552145
-0.756408
-0.317739
-0.556043
-0.774721
-0.386480
-0.556292
-0.793643
-0.420455
-0.562548
-0.808259
-0.443065
-0.580275
-0.815663
-0.447680
-0.613166
-0.826754
-0.465807
-0.621757
-0.838218
-0.510178
-0.684061
-0.845508
-0.543632
-0.749467
-0.872371
-0.612898
-0.770676
-0.901280
-0.651656
-0.789642
-0.901577
-0.666913
-0.805085
-0.913967
-0.688274
-0.809851
-0.935203
-0.749389
-0.831352
-0.938872
-0.868060
-0.869856
-0.940446
-0.871829
-0.910401
-0.964180
-0.885895
-0.920631
-1.037583
-0.891325
-0.935299
-1.082989
-0.897405
-0.938083
-1.107075
-0.917305
-0.942945
-1.126461
-0.936837
-0.974028
-1.160487
-0.949982
-0.985219
-1.180263
-0.958773
-0.996611
-1.226177
-0.964353
-1.008301
-1.248384
-0.965274
-1.021013
-1.283135
-0.973765
-1.021313
-1.284323
-0.994655
-1.050086
-1.301476
-1.045236
-1.108492
-1.303685
-1.061488
-1.108623
-1.315703
-1.098268
-1.115751
-1.383217
-1.130213
-1.118702
-1.406015
-1.136304
-1.146510
-1.438026
-1.143941
-1.150203
-1.455450
-1.151705
-1.168140
-1.462653
-1.153739
-1.219862
-1.504426
-1.156076
-1.225162
-1.537346
-1.170892
-1.241960
-1.570247
-1.177168
-1.275776
-1.574974
-1.239621
-1.304742
-1.575929
-1.246706
-1.356951
-1.632636
-1.251554
-1.367940
-1.633923
-1.295886
-1.394414
-1.654717
-1.307034
-1.395675
-1.672593
-1.312482
-1.434960
-1.674791
-1.317832
-1.463181
-1.704153
-1.320263
-1.482682
-1.706607
-1.324630
-1.510608
-1.873975
-1.348913
-1.577893
-1.879922
-1.349725
-1.582909
-1.887387
-1.391862
-1.587834
-1.909482
-1.407463
-1.608007
-1.970807
-1.424016
-1.614183
-1.971109
-1.424448
-1.649695
-1.998350
-1.425559
-1.691873
-2.010630
-1.435734
-1.705696
-2.019790
-1.442410
-1.717350
-2.036294
-1.475447
-1.739664
-2.053880
-1.501001
-1.764663
-2.054637
-1.577868
-1.768960
-2.056746
-1.617717
-1.789671
-2.076182
-1.619694
-1.794343
-2.086993
-1.623625
-1.835929
-2.107275
-1.635950
-1.847983
-2.118454
-1.691007
-1.854224
-2.128608
-1.699596
-1.858506
-2.128642
-1.701242
-1.881457
-2.162993
-1.702426
-1.898471
-2.164152
-1.723028
-1.898767
-2.225564
-1.747720
-1.905859
-2.227327
-1.752628
-1.907178
-2.293725
-1.768503
-1.960778
-2.301568
-1.784812
-1.977953
-2.311093
-1.791600
-1.979871
-2.315527
-1.797192
-1.999821
-2.356799
-1.802052
-2.042744
-2.358012
-1.815310
-2.045488
-2.362895
-1.838076
-2.075468
-2.385628
-1.896041
-2.099455
-2.396179
-1.909300
-2.108055
-2.400259
-1.927047
-2.127427
-2.436747
-1.948308
-2.143572
-2.471179
-2.471315
-1.977070
-2.148973
-2.027498
-2.174464
-2.076690
-2.183419
-2.080564
-2.196708
-2.086913
-2.235415
-2.103477
-2.238688
-2.110116
-2.252750
-2.112545
-2.256760
-2.118804
-2.259473
-2.133730
-2.279621
-2.162288
-2.297204
-2.174088
-2.318902
-2.190032
-2.323676
-2.194458
-2.327019
-2.226205
-2.351549
-2.331645
-2.364185
-2.369149
-2.377904
-2.376958
-2.397856
-2.389957
-2.401608
-2.391320
-2.413970
-2.396054
-2.421153
-2.408000
-2.430254
-2.408442
-2.457361
-2.439587
-2.465527
-2.465494
-2.475086
-2.486325
