9.704405
5.804842
6.381608
8.135291
5.401817
5.863696
6.969203
5.442615
7.552145
9.614417
8.263453
9.153537
8.344964
6.449056
7.579886
8.604083
6.786885
8.120313
8.189324
7.943434
8.314027
7.418934
8.715013
9.078987
7.616966
7.583988
9.744843
8.095274
7.424149
8.912624
6.927779
7.128553
9.717466
8.309387
5.263844
5.119283
9.173082
7.233048
5.561898
6.725226
6.847465
8.825351
5.878763
5.192430
5.274408
8.458649
8.796512
7.061293
6.578961
6.985836
5.004726
9.892988
9.404770
8.719739
8.971975
7.021737
6.303726
8.716818
5.117010
8.727875
7.629443
7.044788
5.856428
7.346910
5.354176
6.120273
7.466192
9.527258
8.353321
8.028090
6.252484
5.200787
6.853442
7.131247
5.393216
7.127850
5.589895
9.189728
9.189142
7.168857
6.175565
9.193868
7.061845
5.580335
7.913607
6.033819
7.602071
9.217333
9.750638
7.719081
7.945208
7.380081
9.763869
8.801636
9.726991
5.118045
9.921909
7.193183
9.645302
8.275230
5.221273
5.897786
8.476017
7.074715
8.029033
8.869232
9.202564
8.618928
8.058960
8.391706
5.787785
9.234525
7.585574
7.849629
9.814859
5.499181
8.883449
7.416931
9.716514
8.634087
5.136012
7.661722
6.014168
9.899881
6.463357
5.741158
5.017927
6.385266
7.934341
9.663229
9.660496
8.155615
5.561015
8.136513
5.230330
8.590048
7.005745
9.432895
7.208976
5.064706
7.824601
7.996760
9.299231
5.410175
5.846390
9.114090
5.909356
9.729838
6.531020
5.625870
8.363925
6.667032
8.287591
9.378094
6.566913
9.750948
5.119252
6.584840
6.136215
8.053593
6.248069
5.796711
6.209208
6.809084
8.933224
6.439538
5.399132
5.938969
5.872433
7.608108
6.003675
8.697034
5.604867
5.302905
9.107208
6.451257
9.416994
5.016565
6.181095
5.948015
5.642434
9.545021
7.615047
8.930026
8.923114
9.181961
8.680974
9.042366
5.766801
9.817188
7.095959
7.014870
5.613899
8.305167
8.823954
9.547123
9.744705
9.223085
5.486092
5.617138
6.831192
6.489766
9.314171
7.436060
6.792670
8.421381
8.887317
6.209665
8.437944
5.068412
7.157680
9.080379
9.613433
9.772727
8.010406
8.536547
8.954687
6.691379
7.578912
9.721488
6.508567
9.674871
6.736357
7.122467
7.980038
5.560310
6.669589
7.724743
9.783396
7.155681
8.341881
6.614588
8.645447
7.656053
9.050648
5.438116
6.077433
7.937964
6.647781
9.515377
8.006376
8.805461
8.595757
7.619810
8.578187
6.606162
6.156356
7.532875
8.297541
8.735269
7.254363
9.806108
8.410140
8.990720
6.928575
6.390178
9.551030
8.598165
9.114922
9.334426
5.753844
7.456802
5.949015
9.399290
5.112855
9.999662
9.837406
6.190288
7.937626
6.485188
5.705665
5.944003
5.290648
9.301422
8.563812
8.868835
5.907584
9.720169
6.401710
9.205124
8.455438
8.656073
9.011232
6.865578
7.646793
5.939808
8.255756
7.197824
9.537972
7.370677
6.532249
5.291817
9.827479
7.481264
9.691107
9.940333
7.480926
9.528513
6.130621
5.418552
6.013700
6.836286
6.362555
6.304348
6.137708
9.926368
5.173183
7.045292
9.646536
6.574893
6.250416
8.101974
5.230966
5.261649
9.967551
7.877759
6.201458
8.223307
5.075583
5.739429
5.593984
6.607832
6.031246
5.421463
9.089096
5.722353
5.361796
6.570022
5.250866
6.492417
6.988573
6.264566
8.328703
8.351128
7.568915
9.466411
8.277495
7.742099
6.511702
7.924032
9.316992
7.762118
6.026006
9.547958
8.023767
5.993557
7.425717
9.225224
9.216864
7.501300
9.964654
9.810848
9.109133
5.995899
5.232310
8.198228
6.718252
5.594106
9.768250
6.969118
7.086523
6.756823
8.233685
5.415226
5.107951
5.802599
9.881636
8.385447
8.544698
6.393338
6.309478
7.861690
9.155457
7.335484
7.409647
7.179224
8.329041
9.835365
6.404448
7.545905
7.336665
6.369102
7.356753
6.445796
7.365002
7.589064
9.644025
9.083254
8.183169
9.412274
6.052372
5.269692
6.169097
9.286057
5.684918
6.277048
5.088656
5.566555
9.662495
8.633354
6.959892
5.971972
6.495042
6.115350
8.307456
8.904690
8.294573
6.636497
8.740054
9.699021
9.182403
6.076719
6.068124
6.539156
7.522516
8.433125
9.128219
7.166541
7.516379
7.311388
6.578815
8.568750
7.581080
7.747912
7.854807
8.265999
9.024960
7.943463
8.832553
8.687454
6.576817
5.792446
9.659426
8.071859
6.907795
7.966883
6.976548
5.202369
9.603380
5.716603
9.901390
8.785783
6.793322
5.969514
5.324939
9.315838
9.402638
9.453157
6.482378
6.919017
6.764545
8.061193
5.487768
9.345626
5.809105
8.342576
7.611625
9.834064
6.286039
6.444178
8.521519
7.862855
7.236624
8.180945
5.934714
9.144419
6.147829
7.911263
9.346786
5.751209
8.627865
9.248177
9.536992
5.421188
5.217690
9.861931
9.737025
9.620329
9.315088
6.219404
6.539346
6.079634
9.280597
7.027115
5.425260
5.089702
5.369690
8.036885
9.923767
6.655729
9.481063
8.445286
9.518584
6.717687
6.626231
5.453298
5.862105
7.774060
8.364561
5.208893
8.525269
6.992427
9.457069
8.062261
7.413614
9.674760
7.924191
7.150640
9.295089
7.239280
8.370043
5.834435
8.318913
7.650640
7.861550
8.744174
7.740342
8.231239
6.781059
7.664108
9.886969
6.262122
6.109395
9.405552
7.979808
7.735625
9.858850
8.841914
5.509686
8.223412
9.050807
9.034954
5.215838
8.507876
7.097215
7.629453
8.182636
5.021406
9.780093
7.477725
7.260685
8.150137
8.312160
5.579599
5.800777
6.173710
9.323773
8.541119
9.404949
6.104832
6.205227
9.291917
7.366954
7.314622
8.697470
5.346763
5.050247
8.556320
9.188677
5.559933
6.779733
8.239483
9.594887
6.995571
6.747360
6.692101
9.625025
9.929996
6.713507
9.405118
7.407721
8.974193
7.555255
5.719881
9.553793
8.356031
6.893591
8.877565
6.897150
6.298539
9.982397
8.102378
5.590457
7.349352
5.417000
9.287926
7.696114
5.467247
7.844247
6.884790
6.027180
9.623979
5.124273
5.622066
6.619550
6.871633
7.314167
6.244575
6.801629
9.027674
5.649693
9.209350
8.001867
8.204947
9.929230
7.555659
6.560979
6.822821
6.433225
8.458129
8.121361
6.415622
6.560507
8.711817
8.764974
6.977508
7.999743
6.461087
7.444755
5.843989
8.345877
8.471935
5.467968
8.470151
9.094001
7.087518
5.341784
6.408168
8.332092
7.143413
5.435843
8.981785
6.352763
8.437710
7.186732
6.281993
5.993370
8.747711
8.104815
7.426595
7.205840
6.226174
8.842216
8.766347
9.937991
7.607189
5.743855
7.937734
9.068277
8.188609
8.781723
7.414154
6.660543
9.249691
5.884305
5.754545
6.337209
6.226089
7.162713
9.669302
8.369501
7.598557
8.651087
9.722263
6.036266
5.837819
6.004257
7.029636
9.585529
9.109071
9.456230
6.791370
5.335245
8.298446
5.557717
5.273236
5.905635
6.301571
8.210969
9.973912
9.490181
6.992692
7.388066
6.150724
6.242383
8.272370
6.905269
7.579591
9.498459
9.067983
7.248893
7.867960
6.666538
5.899980
7.590223
7.702804
6.737799
8.594481
9.732439
6.323329
7.703551
9.188670
8.114699
8.038796
7.487116
8.672416
8.312033
8.392752
9.973988
6.523001
8.366663
9.464168
8.515693
5.754729
5.614892
9.758076
9.027100
7.520161
7.337667
8.525558
6.588143
9.586561
6.393518
8.254682
5.486540
8.983743
5.957485
7.224339
7.578223
5.689926
8.547668
5.281775
9.878595
6.662368
8.320571
7.365711
5.334783
6.632602
5.758462
5.308770
8.155603
9.125126
9.772938
6.671296
9.879855
5.387829
6.429372
8.906955
7.907990
8.767040
7.432514
9.496134
8.353600
8.826033
7.750815
8.840140
7.809775
8.708301
6.064480
5.387998
9.398226
9.612148
5.669773
9.276821
6.274515
8.990343
6.642532
6.609299
5.622945
7.400995
6.918068
8.778549
6.526121
6.691006
5.449845
6.405976
7.078835
6.879218
5.312931
9.986825
5.646257
7.745445
9.482958
8.999857
6.571477
7.233773
7.839997
9.381252
5.942074
8.904477
9.769250
5.340300
8.516625
5.439023
9.617121
9.791142
9.429365
6.259654
6.400440
5.052310
8.660648
8.318509
8.830859
5.186769
5.009514
9.280704
6.592745
7.088349
6.159922
6.905675
7.075174
6.806179
9.651120
6.558133
5.806036
6.222597
8.791906
8.646034
5.603849
9.733981
7.550511
5.373099
5.074281
6.067137
5.812122
9.691402
5.858278
5.241488
5.951056
7.258718
5.293798
9.611704
5.577227
9.124657
9.798472
5.586741
8.405362
6.391218
7.675090
9.565285
8.296892
9.750265
6.371464
7.948013
6.308398
7.177500
9.170610
5.100306
5.823534
9.774460
9.834288
8.374044
5.147560
9.908567
9.441181
5.959682
9.599970
5.299460
6.201169
5.551026
7.558178
6.494967
5.162730
8.135406
5.619625
9.961203
8.722147
9.024986
6.352420
6.397237
8.590270
9.649313
6.147502
9.961734
7.597326
7.455901
7.139234
6.767936
7.556206
7.962767
6.542397
7.390493
6.336812
6.689956
7.299061
5.777994
7.649638
6.899032
6.077454
8.850807
7.450057
8.635632
5.345775
7.612786
6.771038
5.965400
7.573988
5.493184
9.990386
8.926409
6.890421
8.580656
8.575721
8.037924
8.542390
6.173047
5.493824
5.681623
7.940984
8.050031
8.644390
9.483380
5.440524
9.981202
6.173336
7.739584
5.759196
8.822974
9.638616
6.836649
7.673781
7.088673
5.472281
8.019556
9.701460
7.243319
8.984956
7.275448
7.736503
8.975342
6.201856
9.626924
7.555997
9.777576
7.664847
6.098387
5.950624
8.158671
6.780010
8.891607
6.208702
5.424400
8.374988
6.649225
5.405602
9.548324
9.388810
6.164798
8.371298
9.027426
8.001448
6.045079
6.116098
8.473729
9.064635
5.817557
5.717049
8.049592
8.093005
8.453552
7.024933
9.294862
8.080477
9.580931
9.072438
5.745324
5.679318
5.023063
8.903996
7.459329
8.914670
5.112697
7.883729
7.289658
6.761922
8.289332
6.837982
6.150732
9.454130
5.209280
5.178158
7.455578
6.254359
6.294256
5.929308
5.318995
7.111813
6.646357
8.368587
5.204818
5.099909
5.393519
9.499680
8.180386
9.974450
8.572118
8.925709
5.653769
8.595181
7.829704
8.113097
7.509851
7.942401
5.996827
9.799509
9.704324
9.286160
6.637490
5.855055
8.740290
6.846770
6.033214
6.195868
8.101130
7.327470
7.125176
8.420125
9.439282
8.771533
6.788711
9.644100
8.871442
7.182231
9.143780
7.051826
7.156681
7.715898
5.977536
7.810450
6.311078
8.807240
5.923548
8.820929
6.749640
6.920375
8.620437
6.453964
6.206534
5.257927
7.309020
9.946823
7.104697
8.342234
6.142692
5.205827
5.669703
8.267868
8.625952
5.108985
7.039400
5.414662
9.753086
5.910842
7.596893
8.896866
7.962668
9.753574
6.612763
8.940205
7.564024
7.923841
7.747444
8.487572
6.744769
9.497085
5.407947
5.365205
5.951049
6.614480
5.623133
8.260069
6.561304
7.727830
6.602303
7.703995
7.933657
7.272005
5.971863
6.559608
7.380991
8.011263
6.974272
7.134077
8.922105
9.571165
6.030943
6.884773
9.324739
7.643705
5.824977
6.888763
5.567546
8.572421
5.376335
7.312316
8.069507
5.784282
7.677521
9.020555
7.398762
8.300653
7.280624
8.960066
6.028483
8.882927
6.664061
8.962141
6.154932
7.635923
5.521750
8.535923
5.647187
7.496021
5.670000
9.569291
7.067185
6.700943
6.454063
6.391925
9.344649
7.279041
8.280687
9.912196
5.851462
8.657022
7.224511
8.920969
9.441304
9.902032
7.941525
6.840066
8.202685
5.222149
5.800132
9.231169
9.105076
7.464193
8.193311
5.260009
5.100116
8.715059
8.795933
5.747303
6.211081
9.465932
5.316594
8.278266
6.166875
6.770658
9.670191
5.511525
9.049700
7.950879
5.423720
9.901161
6.607902
7.648232
8.822130
6.049206
7.550263
6.763655
7.889272
5.752949
6.985804
8.689404
9.984118
6.090880
6.153597
8.177428
6.350889
6.253714
6.892488
5.146821
7.001016
8.103570
9.612753
7.317610
6.381836
5.779629
9.088267
6.052027
6.291153
8.137966
9.002906
6.714873
8.039127
5.610807
9.363104
6.861258
6.660013
6.913367
8.624912
9.549285
7.666317
5.610716
8.238688
7.650435
6.701596
9.392286
5.827863
8.052485
5.645999
7.720352
8.199306
7.647015
5.823922
7.812058
9.964624
7.205758
8.591686
9.052892
8.257785
9.882840
7.190858
7.260691
6.597713
5.229986
7.871499
5.960817
7.091245
9.531511
7.874185
5.716157
9.080797
5.540502
6.326874
7.319486
8.190936
8.028470
6.711771
9.018799
6.080956
7.357771
6.739151
9.280261
5.004786
7.563073
7.092319
9.969410
9.768830
5.684006
9.022302
8.026616
5.566845
6.213160
5.287307
7.164558
6.443147
8.158806
8.125376
8.534391
7.690317
5.999560
9.250547
6.771114
6.540061
5.577422
9.090600
9.730997
8.605891
5.802372
8.749797
9.686847
8.160143
5.488948
8.967108
8.164928
8.052021
6.059426
8.134337
7.820852
6.743432
7.156640
5.847467
7.310277
8.369800
6.134774
9.474835
9.812946
9.293580
7.600211
8.347338
6.983896
8.599771
7.597885
8.755011
5.139832
8.175307
7.845611
9.870830
6.781199
8.647983
8.620626
6.468046
6.808125
9.109574
5.435153
9.973053
7.161595
6.494579
8.107391
9.982447
8.238010
5.264031
5.829914
5.548287
8.633832
6.964688
5.023124
8.446778
6.258268
7.623334
6.794115
8.242165
6.223106
9.392000
6.997176
6.362938
7.567307
9.842787
6.233768
9.348506
8.490768
9.854394
5.816551
5.298894
8.963968
6.251703
5.271947
6.125565
7.746283
8.379337
6.108011
5.984293
8.643370
6.937926
6.532581
7.277200
8.902615
6.555704
5.723978
5.160882
9.179038
7.518094
8.403048
5.402143
6.910093
5.400224
6.765082
9.477401
5.243011
7.998850
8.825907
8.733779
7.853245
9.642458
9.032674
6.817213
5.894161
9.304621
7.942778
8.640444
7.683959
9.050789
9.624737
6.327328
5.988715
6.157317
8.604528
9.891329
7.713021
9.328507
5.052211
6.892059
6.846600
8.455259
7.294203
8.756694
8.855483
9.059285
8.234095
9.098494
7.058135
7.060001
7.832273
9.911379
6.702459
6.864946
6.728593
7.596620
6.169567
9.671371
6.237063
8.853526
8.722160
5.861800
5.180854
9.710874
7.019117
8.785382
9.602203
9.732138
8.113890
9.654415
6.624197
9.960490
8.109674
8.918401
8.717184
6.965157
7.977685
6.951279
6.063650
5.035820
9.011279
8.895923
9.947200
5.713738
5.760870
6.675792
8.310358
6.930436
6.347163
9.547422
5.783962
5.069323
5.409222
5.964816
9.780196
7.428339
9.750198
9.382400
7.160477
7.864088
9.036814
8.784675
7.824577
7.146487
7.703074
6.541761
9.111644
5.680760
8.493040
5.175294
5.716581
7.504319
9.071217
5.663780
8.218058
9.832087
7.339573
6.528415
6.762523
8.686735
6.075836
7.546484
8.756058
6.485058
8.511301
8.536255
8.913397
8.261498
7.918654
6.073874
6.125587
6.955469
9.858548
8.950165
9.101955
7.561623
5.491925
8.213600
8.242383
8.984965
8.388895
8.958963
6.489284
7.460112
9.622744
9.707341
7.292198
6.962316
6.235757
9.054720
5.649052
7.311593
6.601205
9.405109
8.796652
5.112505
7.941365
7.710049
8.374004
5.860020
8.783922
9.499591
7.815489
8.642471
8.449756
6.917444
6.204093
8.941681
5.131044
9.446476
7.926646
8.519939
8.405439
9.415931
5.980051
8.028183
9.123272
8.272248
9.990499
5.359029
7.326969
5.639551
7.670622
8.928174
5.044662
6.467274
9.040679
7.986027
9.177322
7.414683
8.846046
7.961245
6.914274
6.661535
6.603715
5.364029
8.578979
7.807809
9.305710
8.710024
7.254285
7.232356
7.229963
5.659724
6.648286
8.210013
8.687907
5.771558
6.482262
8.678407
6.130586
8.809231
9.317957
8.801208
7.737404
9.362619
5.268483
6.778083
7.348646
9.445805
9.192766
6.194692
7.407050
6.107040
7.856227
9.010765
6.471070
6.435206
6.818574
5.776780
5.145230
9.072859
8.009136
7.375193
9.732582
9.657422
5.585207
8.420490
5.428980
7.067469
7.098897
6.559566
5.876699
6.416854
5.360775
8.614103
5.779472
5.629258
5.392187
8.128119
5.075063
9.584953
9.322810
7.482112
5.691994
7.179037
6.492877
7.163063
8.614244
8.311452
7.939844
8.759474
7.384310
5.948980
6.134666
7.116894
5.606401
6.719873
5.537383
6.035381
8.787341
7.636280
7.594948
9.664041
9.053133
7.955724
8.278145
9.832605
8.584981
8.670331
7.960724
8.660044
8.255284
7.283534
6.142156
8.947278
9.462571
7.635033
6.110342
8.076815
5.946484
9.050186
6.836288
8.330794
9.999165
7.970954
5.447688
5.605567
9.690827
5.985071
6.640949
8.478168
8.621350
9.235897
8.142209
7.674483
7.191621
6.420354
7.507089
5.776602
5.090685
5.467813
9.436646
8.345970
7.751346
5.578801
7.293248
7.213918
8.213834
8.403589
5.290732
9.160318
7.453775
7.127021
7.491113
7.452940
5.097976
7.938800
8.058507
9.788803
8.923872
9.699455
8.266972
7.545222
8.935352
6.409181
5.219705
6.126974
7.829535
7.726794
6.903576
7.920220
8.194607
6.340221
6.266189
5.945952
6.919022
8.559437
8.159870
5.132856
6.963027
8.450603
9.293174
9.416801
5.577624
6.784287
6.869741
5.675600
9.723087
9.928248
5.464402
8.646959
9.627704
8.731374
6.192181
8.563057
5.140554
6.411886
9.690031
7.970089
9.138680
6.593606
5.890308
7.333286
7.933827
7.156497
8.279239
9.852849
5.715934
6.439109
9.985705
7.678961
9.889712
9.278879
7.095762
5.467337
6.063166
8.965504
6.142936
5.786254
8.893752
6.607338
9.433212
8.521457
5.338712
5.625393
7.084513
5.479266
7.037280
6.774544
8.449354
6.175959
8.368150
9.339663
8.509246
6.301977
6.496160
6.788485
6.154826
7.212093
8.227594
6.140532
9.891054
8.117307
5.419411
6.986816
8.584643
6.482577
5.952320
9.727579
7.268830
9.846072
6.334918
6.702043
8.367529
6.673629
7.327436
5.452042
7.152895
9.364716
7.226586
5.602250
5.540675
5.594736
9.941912
9.049921
6.896713
6.438071
5.838406
8.051538
8.650165
9.066000
9.192070
8.541219
7.183306
9.611481
5.528035
5.767950
6.094057
6.480355
5.495529
8.362886
6.326427
6.830447
5.064930
9.693956
8.504076
7.392366
5.145998
5.656971
6.757082
7.372585
6.259220
7.297757
7.967320
6.201131
6.347677
9.864034
7.639203
7.186083
7.915572
6.289367
6.252083
7.107642
9.830585
8.435389
6.719122
5.358620
9.203339
7.813178
6.838975
9.698868
6.176066
8.165403
6.529315
6.240995
7.859360
5.033390
8.633362
8.005359
5.690361
5.390443
5.377944
6.949581
7.688200
8.345264
8.150712
9.035877
8.209297
5.789915
6.221960
6.124869
7.079282
7.474042
8.232511
6.909867
5.909431
9.951632
7.268488
5.112770
7.764811
9.107464
9.811639
8.940877
7.272866
6.340952
5.181873
5.132226
6.374343
8.815235
8.137585
7.064704
9.205677
8.515528
9.014284
6.893878
6.860791
7.164997
5.929755
5.070089
7.954911
7.151714
6.194958
5.034193
9.625757
9.427469
6.944060
5.535188
9.379101
9.212547
5.647959
7.143912
8.320011
5.459597
6.084789
5.592877
6.800550
6.266661
5.725102
8.174892
5.081896
8.862687
5.239596
9.287574
7.378215
9.253881
6.181452
9.239006
6.418877
7.111207
9.309095
9.373789
9.262921
5.504053
9.407982
8.888679
9.931521
6.352042
9.423867
9.310622
5.564590
5.071826
6.454534
8.884601
5.531423
7.539322
9.477478
7.331972
8.805984
5.202580
5.506864
8.887880
9.065268
5.746460
8.175454
6.443482
5.000341
9.356905
5.682488
6.419219
6.468112
9.991584
5.793007
5.731033
5.495636
5.200989
9.619712
5.427158
6.553031
9.043578
9.737780
7.117620
9.115404
6.192314
6.002222
9.646827
8.731636
5.479700
6.978798
7.537621
5.682280
7.485662
6.425500
9.747548
8.232124
9.600955
6.191030
8.232465
8.957860
6.873518
9.651683
5.425972
6.865102
5.444690
6.157005
7.360739
5.645679
5.776716
7.787896
7.198710
9.820295
7.525676
9.316331
8.935699
8.717990
5.318553
8.582526
7.449626
5.798253
5.561324
9.987247
6.480534
8.046988
6.412747
6.228081
6.279111
6.013701
7.419111
9.511576
9.971561
9.292629
9.163258
5.397534
6.157731
9.607948
6.554539
8.518469
5.253628
7.331256
6.306365
7.452338
7.151551
8.832041
6.768670
6.087250
7.550030
7.087222
9.669776
9.999657
7.885476
5.231100
9.986903
9.366009
8.278088
6.399651
5.594090
9.557199
7.413352
8.013201
9.068773
7.384913
7.305831
8.232032
7.782447
8.463562
7.839980
9.336987
6.982031
8.093607
6.668242
8.288396
5.545946
8.819794
7.120437
7.314615
9.907043
9.670467
9.401837
9.576818
9.670124
7.287313
9.807920
9.657027
6.653322
8.086006
6.056677
7.247412
7.643205
8.470030
5.260613
6.711978
5.854943
7.566443
9.944010
8.637391
6.030006
7.783990
7.974377
8.012036
5.877597
9.642619
6.300433
6.423542
8.462412
8.420870
8.738157
8.369455
8.091337
8.139996
7.946274
7.761462
5.427309
7.754193
7.418489
7.080631
5.840200
8.475166
9.328043
8.483404
6.945195
9.588656
5.195382
7.800138
7.155101
5.139392
6.437530
8.185106
7.923381
9.411906
6.197143
8.800979
9.054525
7.497577
5.224521
7.516937
5.918446
8.962679
5.886393
9.009783
7.102674
8.832666
6.771245
7.529983
6.586861
9.189734
9.610614
7.427060
7.664900
8.938657
5.910464
9.610095
8.527313
6.105847
7.410233
5.682415
6.245239
8.847763
8.867521
9.168620
8.259669
5.064664
7.969599
7.314195
7.562241
8.194120
9.831132
8.480686
7.156799
5.717525
7.490470
9.259473
9.550191
9.261715
6.789456
6.137051
8.451448
6.400070
8.564111
6.116348
5.338727
9.474575
5.726443
8.866041
5.580422
8.136677
9.548455
6.825662
6.984439
8.415977
5.994282
5.244108
8.480640
8.963881
7.558303
6.042881
7.158000
7.389434
9.523568
9.314800
8.106958
7.014037
8.574274
7.657149
6.275753
5.363729
8.794201
9.727201
6.763800
7.358312
5.843549
7.102527
6.832887
6.569992
5.968568
7.413309
9.706669
5.517023
9.238970
6.691108
8.933000
5.233252
6.935216
7.413640
9.197132
9.493519
8.456521
6.355134
6.882953
7.980089
5.669933
9.989911
9.994126
9.244207
7.647061
6.269879
9.607937
6.441260
5.997080
6.371737
8.799572
6.840629
8.474263
5.632459
8.410621
9.442831
8.045768
8.117290
9.959854
7.284739
9.808397
8.892853
7.517991
6.743613
6.306493
6.715124
6.237133
9.763013
8.070257
8.120087
7.743102
8.740191
8.109998
7.737229
7.984397
5.757058
9.007108
7.592334
7.198319
5.004187
8.964071
5.997891
6.844816
7.438334
6.630350
5.255437
6.881166
9.676118
8.372726
6.841020
6.960856
8.181124
5.733872
9.478847
9.924737
7.040365
6.193971
6.161870
6.803379
9.264227
9.281956
9.546480
8.004417
7.391953
7.283709
5.988815
8.149012
6.290817
8.581150
5.347330
6.295004
7.545220
6.345222
8.139820
9.983555
7.975571
8.395257
6.864720
7.651689
6.767983
8.705740
9.612545
9.949107
9.439611
9.091393
9.873844
6.479977
5.285363
6.035714
8.283356
9.549590
5.317669
7.829835
7.554008
7.709623
5.113545
8.542823
5.858634
6.404362
7.123973
6.205965
7.699366
9.669193
7.551186
5.839186
9.652747
5.526757
9.234444
6.517467
8.178446
6.002427
5.223207
7.790991
5.951534
9.662819
6.882384
5.825378
6.142796
7.167747
6.861093
9.426151
6.717338
7.178762
7.255986
9.271345
9.888386
7.369532
7.814169
5.747020
8.773893
9.938141
6.952984
6.473259
9.607334
9.504169
7.312445
9.260081
5.030927
6.546888
5.777549
8.209373
7.549315
6.000757
6.000364
8.500851
5.663576
7.882748
9.326229
6.806371
5.050494
6.187321
6.232522
6.767831
8.366083
8.488508
6.039176
8.254469
5.858040
8.853345
9.001488
9.631933
8.791486
5.954472
6.105191
8.398820
5.458642
8.417636
7.658902
5.489568
9.964524
8.436451
8.698940
7.513841
9.437207
9.699305
6.014691
5.100782
7.582052
5.340920
6.907154
7.632545
6.528241
8.139676
9.400377
9.894324
6.628185
5.439553
8.148793
7.486225
9.292899
7.150281
7.118157
8.084385
8.104753
8.223349
6.483206
8.563396
6.640985
9.142107
9.052963
6.605510
7.578558
7.751904
9.119349
7.015765
7.451208
5.134041
7.116548
5.033260
5.474961
9.023703
7.665806
7.003202
7.163378
7.066183
6.897526
8.791563
7.505736
5.046320
6.277788
6.798635
7.196601
8.395945
9.883020
5.301354
6.619293
6.366225
8.864750
8.260278
5.508332
7.917713
9.865788
8.086890
5.669617
8.985137
5.102654
8.120825
9.119178
7.219203
8.154085
9.594139
6.242904
5.819890
6.597340
8.406282
7.886072
8.494867
7.197845
5.391809
8.541186
8.475633
7.190443
5.737787
6.871577
7.073462
6.039142
8.490870
8.439688
9.903891
6.751148
8.948019
7.821604
6.616935
7.034908
8.491221
5.602071
7.137563
6.612046
9.721250
9.356766
9.766131
9.315388
5.599670
5.586022
5.912728
9.005953
8.472095
9.407595
6.203798
8.863903
7.948781
9.679431
6.054347
8.686569
6.551009
8.127809
9.725711
5.041880
6.567496
9.629601
6.793027
5.515515
7.451206
8.409963
7.550425
5.942427
9.012033
9.687987
7.554473
8.733283
9.044753
7.320605
8.048670
9.644423
7.906627
8.961398
8.650377
6.378722
8.368993
9.854175
5.242625
6.317774
9.533606
6.296971
5.004343
6.084614
9.424781
9.730054
6.126494
5.992277
9.359655
7.919521
6.507792
6.810861
6.329484
9.058216
7.753289
5.341517
8.746204
5.307762
9.074800
7.790957
7.628367
7.123470
7.435382
5.534993
6.084869
6.085758
6.913714
9.453861
5.939933
7.156340
5.771635
5.473539
8.453311
5.775979
6.558154
7.878091
5.506032
7.684648
8.870367
9.865686
5.604169
5.378160
6.676548
6.933652
9.436377
9.429837
7.275170
8.182580
9.737598
6.349970
5.973537
7.365965
8.473440
8.408919
7.900958
9.558310
9.494678
9.814673
9.012171
5.434611
6.971012
9.783806
5.908150
5.424324
5.559784
7.466304
8.302414
6.065816
5.150951
7.172782
5.931502
5.755120
7.550941
7.608051
7.688772
6.987317
7.037888
9.963942
5.169897
6.775486
6.313911
6.143435
9.141451
9.787352
9.552354
7.042410
9.345661
9.047032
6.857083
8.357832
9.481644
8.828095
8.141638
5.389793
9.252419
8.701422
7.856097
7.554833
9.767238
8.007049
9.727615
5.698740
8.762168
7.278556
8.306790
6.450940
9.265873
5.344679
6.414883
9.435770
7.120165
7.728795
5.579205
6.261616
7.516147
5.131559
8.304026
6.861808
9.178592
5.161108
5.219640
8.660235
8.989204
8.361278
9.050029
8.241623
7.062699
6.906127
5.796456
6.829937
9.913176
5.524071
7.528677
8.675344
7.802627
5.835467
5.126285
7.068501
6.180146
6.541167
6.504272
8.300312
9.269961
7.083477
9.561928
6.786108
7.215036
7.865953
8.647917
6.393628
8.027061
8.867558
5.053863
7.016266
7.228835
9.103891
5.257888
9.291534
6.010018
6.054344
6.121471
5.923194
6.578416
8.650147
9.598537
9.381042
9.485615
9.724821
6.449544
5.665761
6.265988
7.953815
8.966073
5.535950
5.037292
8.528000
7.322058
7.252328
6.393953
5.969975
8.645955
9.421015
9.837531
8.699819
6.437281
7.066366
7.803711
6.695169
6.357900
8.813729
7.749514
7.479371
9.736922
9.327929
6.129518
9.335460
8.708972
5.615133
9.060281
5.158515
6.280894
5.326269
8.112330
5.246966
5.862218
8.149623
8.774966
8.184277
5.401950
5.168920
9.154251
9.047907
9.589934
8.991782
7.747725
6.027216
6.058148
5.551435
7.722385
7.416048
9.365164
5.471898
9.895419
9.102087
9.799828
6.024937
8.437547
8.508799
6.640069
7.497827
8.667315
7.920964
7.824096
6.779646
8.167930
8.686315
9.929268
6.942896
6.870590
5.331219
7.111816
6.024841
9.379125
6.701751
5.016623
7.126849
7.728967
6.074771
7.678285
5.451351
8.490819
7.043448
5.923250
8.386238
6.145535
5.723078
9.411174
9.583081
9.231877
6.051244
7.080908
7.899193
8.972207
9.905005
9.678839
7.140137
8.591319
9.608107
9.083034
5.461910
9.939325
6.194849
6.486751
9.318449
7.896600
6.503373
6.445299
5.625567
7.578145
9.123584
6.076918
6.068964
6.167032
7.000169
9.455202
7.312567
7.723246
8.866376
6.895649
6.955123
9.917620
8.976557
9.854316
8.889827
8.881561
9.533154
6.029963
7.472881
9.141260
5.112997
7.934791
9.080585
6.307847
9.421541
8.399035
9.204447
5.924915
9.844334
9.830014
8.503059
8.967916
5.906932
9.572023
5.134950
7.907101
9.027225
7.447517
5.630347
7.893601
9.343165
7.585471
7.811222
8.319723
7.439786
6.701048
7.201285
6.972940
7.731012
9.674167
6.114200
7.844009
7.608957
5.194785
9.151855
7.030498
8.593819
8.356303
7.955413
8.438153
8.186316
6.458472
7.406070
9.093248
6.030497
7.541020
7.000350
5.057722
9.988536
7.630697
7.951324
9.331702
5.216168
5.762545
7.651425
7.655954
7.463593
9.852711
9.628895
5.194604
9.526877
5.743094
8.038614
7.135834
5.937879
7.190470
9.166331
9.531698
5.546772
7.121744
7.969851
8.733089
8.580216
5.375922
7.826338
9.610712
7.916941
9.826689
9.668434
7.905478
7.457386
7.619758
7.237179
7.673554
8.382302
9.888605
5.329509
5.845895
9.741316
9.958403
6.040499
9.268192
5.701498
9.079113
6.404026
6.639377
6.269583
5.570358
6.171076
6.816355
7.692102
9.140926
5.549444
6.272318
9.516849
8.375782
5.883031
7.433789
8.202471
5.551465
5.339267
5.659857
8.171223
7.576447
8.333411
6.553525
7.465052
8.662920
7.399420
7.206367
8.621323
8.439919
6.474559
9.322821
7.519032
7.878586
5.962198
8.788614
8.448944
7.133274
5.604969
6.141046
6.274200
6.154414
7.413364
5.791049
9.530196
8.296395
8.224838
7.732667
8.847860
8.564105
8.392525
7.019083
6.140552
6.725935
8.572608
8.605602
5.388855
5.972028
5.811969
9.010178
9.411946
7.286529
8.332998
6.930978
5.165114
9.295197
5.719593
8.614058
6.428471
6.324563
9.755104
7.702671
7.478976
7.168468
8.493720
7.009172
5.464864
6.718558
9.741839
9.312724
5.282663
8.134364
6.331808
6.423215
9.860300
9.904416
5.028817
5.249155
5.876444
5.840786
9.259334
5.288391
8.127316
7.592332
7.219369
8.292429
6.887529
7.938962
6.906487
8.316000
9.263525
6.661592
6.018670
6.742501
8.830060
9.512390
8.751674
9.294924
6.230948
8.493513
8.607647
6.513611
6.627878
9.939456
7.936826
6.488177
9.843872
7.965643
6.737332
5.720315
8.806429
5.996665
6.008706
6.933744
8.588998
8.228075
5.226173
5.476527
6.167037
7.132661
8.792526
5.430562
8.794252
9.811196
7.173063
7.624312
9.323586
5.924737
6.919235
5.554535
9.418250
5.526883
7.068146
6.046128
5.466339
5.004972
7.534306
5.310211
7.970614
9.271637
6.030527
6.777043
5.268303
7.039233
8.710787
8.857300
5.267308
8.936960
9.333828
6.434345
6.069622
8.126353
6.864907
9.863874
7.937551
9.037971
7.488186
7.261137
9.962708
9.407421
7.815671
9.380959
9.934305
9.883818
5.427086
5.400643
9.888788
7.961392
5.710855
7.859403
7.233029
6.741381
9.636446
7.501333
8.780614
8.347234
6.358633
9.047922
7.284195
5.692461
5.482267
8.353817
8.818813
7.347174
8.217691
6.756364
6.385145
5.705877
9.017501
6.347853
5.113299
6.833172
5.728811
5.047604
6.716990
6.155897
5.448247
6.605779
9.117290
6.159101
9.465181
6.350319
7.900482
9.101628
8.851651
6.681096
7.448863
5.210284
5.729018
9.733058
5.902744
6.211285
8.086876
9.721558
8.558459
6.304567
6.477922
9.943604
7.010445
5.495424
6.291456
7.123744
7.328596
7.020267
7.171348
9.045586
8.176165
7.619595
5.651365
7.293454
8.778696
5.116547
8.643772
6.679179
9.218176
7.495423
8.360275
6.667038
7.705708
9.089293
6.400096
8.608452
5.300577
9.486972
8.330010
8.859035
5.791538
9.807932
8.802641
7.801983
5.303356
5.094097
9.925727
7.631952
7.114364
7.097075
6.677538
5.290528
9.716669
7.328903
7.583982
8.495366
7.445450
6.227755
5.174545
6.663625
8.723179
8.534821
8.330664
6.428886
7.624112
9.730760
5.037339
7.924690
9.217731
8.367349
6.783727
5.009270
8.175282
5.586367
7.811253
8.478637
5.680463
7.736980
6.110589
7.794827
9.834055
7.788127
8.085355
9.550724
5.117030
5.669337
8.046091
7.562480
6.897093
8.220635
9.226105
5.620272
6.755455
7.556768
7.049158
9.379568
7.287529
7.086497
7.304258
6.505260
5.453845
9.087984
6.514530
8.629127
9.674351
9.325784
7.107763
5.354815
7.062764
8.218352
8.149642
6.896819
6.006479
6.234997
6.447544
6.123509
6.904335
9.493633
8.685989
8.801427
7.714269
7.912095
9.421700
9.469724
5.468863
6.470857
8.849292
7.756392
8.557354
6.153550
9.261652
9.011200
5.241535
5.776182
7.640326
9.915886
5.101966
9.748089
5.270700
7.164731
7.966442
8.420342
9.061549
8.972920
9.655338
5.509093
5.096430
6.559673
5.002727
8.782419
5.361100
7.716995
6.694514
9.782800
7.186719
7.163377
6.253657
6.036011
9.919768
9.811011
7.189560
9.181421
8.822211
7.431095
9.957603
6.462537
7.346981
5.059570
6.210627
7.617681
7.224300
9.177067
6.038023
6.285850
8.149988
5.693362
6.794943
8.246419
7.253035
6.797669
7.028838
7.614135
9.514665
8.723352
7.396934
6.701384
5.886729
8.650591
7.737394
5.806499
8.461603
9.926954
9.987919
7.283813
7.358050
9.945523
8.746350
9.705030
5.005093
9.956976
7.322712
7.229394
9.134045
8.360735
8.515244
7.284033
9.054096
5.310187
5.530452
6.307131
7.107856
7.559290
8.921266
6.622519
6.282642
6.318200
8.323903
7.169372
9.968792
6.061297
7.975870
8.430394
5.988252
7.963789
5.714207
8.346301
7.909312
9.460558
8.051332
7.914406
9.417535
5.374044
5.143800
8.551579
8.734778
8.659044
5.835612
7.788875
8.969231
6.366063
9.096006
6.077086
8.925353
8.017272
7.699606
5.207996
9.335472
6.023509
7.377367
9.304264
7.084806
5.353237
7.734658
8.073057
8.317026
8.448866
6.419359
6.226338
7.909423
9.470691
9.140744
7.326958
9.844734
9.284544
5.878537
8.579514
7.943588
6.714149
6.368389
6.912818
8.080212
5.464396
7.989905
7.005565
8.481667
5.689511
7.213561
7.817140
6.713019
9.590928
7.121403
8.797826
9.944164
9.856061
6.870883
8.261190
8.304927
8.290242
9.487529
6.214351
7.760934
8.628274
8.541308
7.605668
7.912817
9.419846
6.185183
5.856405
6.133994
7.553572
7.769225
9.214206
8.017966
5.759130
6.219771
6.499633
6.448640
8.433332
9.316772
8.161659
8.024260
6.438175
6.959485
7.968425
6.294237
8.830368
6.229616
9.599163
7.120610
5.717144
5.813514
9.881543
9.345418
9.354822
7.487212
7.258236
8.774668
8.672394
8.114642
9.908661
6.225965
5.883866
9.122868
9.243931
6.642995
5.342638
5.743565
8.091636
8.775970
5.060337
6.253295
6.800231
6.498513
8.212780
9.768656
7.792749
7.043148
5.998271
7.391913
9.163757
6.715416
8.205427
9.045301
6.060834
7.560249
6.532513
8.319071
6.334917
5.204906
6.433712
6.243578
6.430871
7.317577
5.366445
5.674803
8.960573
5.709085
6.418367
7.052208
9.485055
6.478703
8.305504
6.285285
7.977216
6.518283
6.053941
5.769966
8.561431
7.052212
8.161879
7.725189
8.767628
6.367306
6.770491
9.828463
8.927555
8.303003
8.147532
5.262472
8.507910
9.581244
6.506050
9.938782
6.898822
6.872496
5.613584
5.859395
7.581580
7.031950
7.911603
7.066634
8.510654
6.217107
8.351919
6.487870
7.735391
9.405861
7.257836
6.296822
6.458073
5.419714
9.022011
5.225701
6.787020
5.792501
5.054164
5.714575
9.095505
8.201695
5.977046
7.603414
7.782940
7.483097
7.542195
9.681761
9.355592
8.155778
5.541156
6.937171
5.187728
8.452760
9.003805
8.698382
9.669867
7.355725
5.186253
7.405257
6.761586
7.444088
8.702079
8.219660
7.863803
7.724090
8.445360
9.650823
8.516591
8.499525
5.365398
7.612095
6.701221
6.342444
5.215509
9.484159
8.825541
7.757704
9.165921
8.181133
5.913482
9.707078
5.118304
6.101211
8.159838
9.122110
9.799593
7.829704
6.477835
9.985846
5.234961
8.239422
7.429934
8.937038
6.459081
5.293737
6.661129
9.904441
9.944559
5.177720
8.403965
5.309958
7.789816
5.105186
6.652402
8.005324
9.589346
5.477943
5.763029
8.755267
8.659076
6.676511
8.462345
8.777380
7.777722
6.622182
7.899490
7.577314
9.451886
9.377326
7.563161
9.686846
7.616748
9.993094
8.623885
9.075828
5.286832
5.285013
8.980269
5.231391
5.462733
7.384234
5.541348
8.252548
7.489420
7.193750
6.257873
7.078766
7.671692
7.020902
5.834032
6.330769
8.697413
9.296378
5.108149
6.475134
5.918560
8.007640
9.052449
5.370446
7.384965
6.615610
5.057292
5.001712
6.608705
8.681177
9.077540
6.895536
8.966190
8.057810
7.126927
9.428923
5.442044
7.668276
7.681472
7.931464
9.862025
8.939344
5.010229
7.533718
5.960248
5.844262
8.864487
9.657660
5.140639
8.972635
6.132794
6.059199
6.980275
5.185244
6.429646
9.365240
6.800854
6.486938
9.366953
8.409558
5.168114
8.444493
5.305095
9.134304
6.502304
7.432022
8.563228
6.944347
5.100297
6.244700
9.875812
9.962322
5.184045
9.886042
7.496041
6.144292
5.730304
6.360527
5.801952
5.870943
5.333162
6.934748
6.930142
7.313437
7.119992
8.359788
6.678678
8.920845
9.846725
6.045630
7.330404
5.014839
9.490124
7.635499
9.149143
5.992427
5.067520
7.712371
7.936775
5.167818
8.957071
7.812587
5.130140
9.141116
7.698627
7.626181
5.285409
8.428931
8.986710
6.087361
9.299874
9.319872
8.022109
6.230017
6.633309
5.142100
9.589805
8.311987
9.062946
9.436530
9.357616
6.393349
9.451370
8.847741
9.028849
8.600513
9.840168
9.096369
6.312885
7.776943
9.264187
5.269957
5.589530
9.394326
9.411074
8.288158
7.020508
9.696483
6.717090
6.007216
5.783844
6.016964
5.327088
8.805952
7.246981
6.960397
8.948051
6.836786
5.272384
8.010998
6.273316
9.630001
9.404346
5.724687
8.477741
8.433195
9.325200
8.317910
7.529564
5.638085
6.094853
6.793750
5.908042
6.684383
6.188077
5.319115
9.972542
8.208585
5.015597
6.689630
9.215801
5.799441
7.706594
9.542890
9.605392
9.953574
6.503286
8.553446
6.790360
6.775670
6.564443
8.063677
6.405671
5.968790
8.788363
9.883412
9.401985
8.113562
8.201323
6.931549
8.751648
9.296175
8.725300
9.659689
5.980558
9.913377
9.978805
5.953100
8.121962
9.994402
7.642730
7.337762
5.793842
5.349323
6.880651
5.399235
5.302897
8.383938
8.952681
7.093257
5.159609
5.517123
5.156934
6.565279
6.485913
8.945295
6.448692
5.887899
7.058858
9.650014
7.819448
5.810505
8.946190
6.544748
5.470194
9.926748
6.458125
5.448998
5.879848
9.580086
5.443400
8.522577
6.917849
6.237242
8.871901
8.798500
6.636477
9.174799
7.182438
5.589158
6.268056
7.342047
6.106281
6.424990
8.907327
7.592194
5.370286
5.356018
8.480093
7.429143
5.006032
6.299542
8.239649
8.952222
7.844290
8.709842
8.878970
9.302415
9.158840
9.758818
8.882502
9.602241
8.281396
5.800349
5.839483
7.153297
9.598848
7.475960
6.328096
6.781288
8.065118
7.596152
9.123335
9.171399
9.021141
8.030662
6.763593
9.391427
8.386679
5.243687
6.820570
8.392712
6.543229
5.060219
7.344933
9.387519
8.770061
6.223903
8.689934
7.928901
5.982722
7.572434
7.531142
9.264117
8.372784
8.370625
6.417415
7.971632
5.846586
7.745510
9.752920
8.911704
5.341662
8.876255
8.083103
9.362803
6.906916
9.846696
8.754231
5.293595
5.090383
5.574801
8.686306
6.633611
5.635020
6.031240
6.021130
9.405081
7.255143
9.711064
7.333982
8.237865
7.283498
9.865124
7.501983
5.656281
8.235749
8.919397
8.627914
9.082335
6.664908
8.380835
7.994039
7.006570
7.257090
6.077142
6.369374
9.164005
5.923838
5.123605
9.457601
6.014220
5.698407
8.143908
7.647831
6.333427
9.175147
8.668962
5.738508
6.430290
8.380025
8.072491
9.668155
5.663523
7.937615
7.170138
6.319805
6.173365
6.089535
9.947720
5.255700
7.754443
8.328554
8.249739
9.761013
5.585644
9.326880
6.130386
9.749650
5.250718
6.253992
9.207251
6.264938
6.952398
7.351158
8.912769
8.285826
6.526304
7.581730
9.024334
7.956594
5.961756
7.096825
7.624750
6.625278
5.034440
9.794888
7.945084
6.207805
5.884422
7.892804
6.463505
8.638865
6.221358
9.713244
8.399878
6.807003
9.040125
9.530264
6.556652
9.290842
5.784256
5.763903
5.555780
7.736654
8.115061
9.468550
6.022480
9.641365
7.050281
5.046814
7.597959
8.012036
7.143639
5.222709
9.637316
7.178079
5.017596
7.582398
8.385884
5.902019
5.475202
9.849389
9.540884
6.696560
9.562634
7.940762
8.503563
8.602757
7.471025
5.060215
7.893600
8.255280
5.824118
8.449381
5.991935
8.939178
7.917931
7.014415
8.580543
9.968212
7.061229
6.178503
7.980247
9.204868
6.401212
7.617562
6.382947
6.418808
5.199962
9.768831
7.320827
5.675164
9.618220
6.861711
7.371724
9.180853
9.802473
5.875287
7.783612
7.273498
5.935502
5.677212
5.528779
6.759620
9.126593
6.520714
5.698798
7.044524
8.535129
9.279341
7.012735
5.596358
5.457843
9.992983
9.801227
6.859055
7.610545
6.184174
8.277863
7.810507
5.953005
5.598690
8.485671
5.571225
7.460401
5.857395
9.752079
7.262874
6.732682
7.535691
9.536371
7.668184
8.212902
5.065150
9.427804
7.339496
6.585864
5.126602
9.384020
5.120993
9.405943
6.396754
5.717351
9.863786
6.389737
5.518579
6.722840
9.000283
6.702752
5.000703
6.810790
7.655756
5.599393
5.296460
8.226982
8.059793
6.153855
7.979062
5.322667
7.886538
5.514752
9.859038
5.554722
8.727654
9.924189
9.982527
6.067150
6.510053
5.109128
5.451169
6.631045
9.515071
6.847924
7.348397
9.378857
8.237661
7.866975
6.101696
7.237945
9.569727
6.102399
9.048734
7.225484
6.701792
9.345194
5.452466
9.761585
5.499050
8.431528
5.084252
8.385588
8.946280
9.943291
8.940310
7.673935
9.867478
8.922835
8.741084
6.377531
9.031962
9.192254
8.008576
8.547033
6.040178
5.356974
7.925889
9.277839
8.223949
9.027586
6.515784
7.793677
5.129985
5.564517
5.019161
6.831777
9.909712
5.471627
6.593363
5.408762
8.903155
6.677616
8.794349
7.849435
6.620906
7.734657
5.523369
6.488385
6.657493
9.264454
7.865916
5.689455
8.456708
5.874493
9.236488
9.496885
6.231468
7.162378
8.774725
9.455418
6.189964
5.290508
7.249094
6.319950
5.855026
7.268255
8.151727
5.764738
7.739882
9.745090
6.173499
6.643038
6.422705
9.967848
9.492473
8.043612
7.702507
5.015841
9.531996
9.360000
9.280295
7.397912
5.049455
7.737003
8.272406
9.285944
7.233889
9.503874
6.448321
6.008614
8.959291
7.638286
6.299122
6.208385
8.958235
7.154148
8.476641
7.109962
7.918885
6.216523
6.855051
9.092384
7.859561
8.277756
9.060233
7.352033
6.321366
6.762739
7.367874
5.853362
6.122739
6.648170
8.251274
6.172194
9.385173
6.523680
5.458137
6.619061
6.027553
6.906458
7.627675
9.986844
9.544744
8.926797
6.195229
8.502979
6.080944
9.671869
5.612941
8.999829
5.888392
7.467992
8.092214
8.747953
5.745747
7.152448
6.099987
7.067113
8.915187
8.467861
7.920476
5.037926
5.116031
6.171750
6.210119
9.501204
7.695430
6.668256
6.120265
8.722983
8.574715
8.747940
8.709827
8.119458
7.674737
9.905056
6.622438
8.755681
9.576925
7.235379
7.755511
5.465318
9.703370
5.847725
9.213271
5.449118
8.000173
5.313258
7.516232
6.915359
8.781119
5.436707
6.953285
8.897151
6.608457
8.163404
8.398354
9.303886
9.831659
9.518620
8.026871
8.406373
8.266560
6.736697
6.525832
5.941296
6.641753
8.148270
9.696978
6.218679
5.383648
7.452488
6.683997
5.087018
8.300213
5.897268
5.536136
6.300385
6.210526
8.052367
8.215743
9.991645
8.489074
5.169028
8.888796
5.097531
8.332432
7.287150
9.401418
8.164091
6.805769
7.428288
6.570464
5.072329
9.164986
8.096296
6.013625
5.806739
6.244566
5.710602
7.025418
6.628214
8.163091
8.709414
6.715232
6.463303
9.606682
7.251368
7.763687
5.817208
5.303735
5.979431
5.808854
8.792809
6.148458
9.697649
8.890341
9.480890
6.984799
8.291759
7.644981
8.790568
5.720046
9.215446
8.862897
9.885033
7.311742
9.876523
5.691771
8.556308
5.587125
7.717189
5.184521
8.750216
6.426602
6.899753
5.213519
6.033285
9.151121
7.977205
6.850494
9.454856
8.956636
7.659348
8.247664
5.105095
7.356997
7.138004
9.585986
9.341796
5.429763
7.230968
8.132364
6.149809
6.446413
6.995262
6.034841
8.758154
6.871785
6.726612
7.314462
7.458910
9.443800
7.498982
6.209126
5.870404
9.398736
6.422644
6.903689
8.549856
9.399851
8.754183
8.004712
8.356487
6.413530
6.252377
8.461582
8.770527
8.390381
8.047569
8.112324
8.820144
5.278536
6.244688
9.969952
6.724949
8.239950
6.004794
5.483103
5.111735
7.731405
7.797565
7.570644
7.175206
5.296547
8.779771
8.045609
9.695283
5.202415
9.949298
8.245140
9.602265
8.703481
6.249852
7.958752
5.117011
7.502229
6.420335
8.887539
5.892610
9.467903
6.999862
9.712753
9.746439
8.244551
9.682706
6.471388
6.484500
5.687499
6.954491
6.596235
8.418904
9.752055
9.166881
5.594110
5.048603
7.946651
8.639719
9.743885
8.149066
8.589018
7.989025
7.751331
7.292499
9.238877
5.710083
7.409510
6.741105
7.130418
6.297049
7.633715
6.598321
8.296910
7.346468
6.344761
6.541461
7.029175
7.816150
8.025961
7.716674
9.770640
9.622196
6.135579
9.522696
8.789077
6.729689
9.571299
6.735728
5.369410
9.315185
9.884794
8.958427
7.304210
7.636124
6.250926
6.543086
8.346207
8.660437
8.284192
5.476625
9.957484
5.917907
7.074947
8.254395
8.264376
8.419708
9.795856
5.293550
6.235857
7.821817
8.010224
6.006498
7.444014
9.145803
5.529194
6.233089
5.875493
5.100492
7.968817
6.244903
9.415676
7.853611
5.203329
6.719885
5.489735
6.454256
8.262972
8.835941
5.114692
6.547164
9.312567
5.072176
7.465071
6.387514
8.326571
5.729446
9.807221
8.122427
6.022997
6.043078
5.944243
9.033222
7.049576
8.388257
8.179026
7.578770
9.621346
9.054519
7.679262
7.590164
5.299421
7.094938
5.443774
5.502751
8.814823
5.933509
6.957006
7.077795
9.769451
7.071698
8.624958
9.082018
7.143875
6.090029
5.469532
5.470447
6.819476
5.276752
8.592874
7.842473
6.319832
9.537117
6.875695
8.369408
7.925375
5.054721
5.948177
7.546721
9.109240
8.627439
5.136885
9.408661
5.722377
5.580659
9.911411
9.537201
6.514168
6.868418
6.614996
6.283619
8.940116
5.239954
5.365638
6.083991
6.329984
5.835169
6.554437
8.149460
6.111922
5.147311
5.991932
7.431753
9.684428
7.867627
5.801160
7.609802
7.922348
6.749338
5.156524
7.031589
5.376777
5.293408
6.440249
6.099154
5.874067
6.351661
5.636355
7.388236
8.220079
7.251351
8.671855
7.160195
7.491305
9.037493
8.244186
8.821288
9.872662
9.798623
6.970748
5.984583
9.945934
7.962680
8.416336
9.630363
5.830307
9.217497
7.240165
8.752655
5.966835
7.396688
5.784244
6.343612
7.690097
7.224493
7.442765
8.564164
8.576154
8.079121
5.952400
6.796232
5.330472
9.624255
8.956427
7.821776
8.661748
7.200613
6.643064
8.534409
6.999236
8.613811
9.518992
6.945170
6.576491
7.935328
6.575532
7.406798
7.152825
8.815698
6.159453
8.119659
6.212386
6.943697
9.463271
8.902483
9.168190
6.906036
7.466646
7.744343
9.985156
8.419046
9.540576
5.315628
8.043303
8.497002
8.137403
6.705050
5.697615
9.780469
5.239459
7.696852
8.394280
9.758451
9.642022
9.970772
7.693780
6.217555
7.377571
9.846605
5.033252
8.537024
7.966265
6.245638
5.480721
7.429535
5.148121
9.648912
9.335571
7.614768
7.393255
9.320727
6.033814
6.933830
9.636355
9.077116
5.430833
7.773759
5.782166
6.128448
7.554228
6.021626
8.825300
5.948509
5.780077
8.467322
5.919282
8.473856
9.684877
8.296852
8.320462
9.718130
6.833877
6.286727
5.963768
7.314599
8.716263
6.111889
6.963510
8.051834
8.726656
9.356765
7.372561
9.760471
6.290596
7.008917
8.837587
6.721429
9.782677
9.619755
7.849877
7.336905
5.641379
6.675177
8.285415
6.421456
5.142499
9.204697
9.895313
9.827376
7.501549
8.215775
9.545506
9.335425
9.502502
5.509274
6.650024
8.218764
6.621163
8.613534
6.270599
5.347820
7.970299
8.643161
5.108291
9.260895
5.652079
8.945879
5.982323
5.434755
8.565634
8.832199
7.771660
9.207012
5.507377
6.057076
5.628469
5.649876
5.261771
5.523782
5.477252
7.763320
8.739557
5.022759
7.098745
8.242060
5.532033
8.748770
6.460824
7.153196
7.362304
7.731423
7.501016
5.332603
6.374584
7.609306
9.593497
7.026662
6.555185
5.575821
7.461417
5.120818
9.408021
5.233078
9.327830
9.915398
6.290153
9.956300
5.565274
6.551924
5.480082
6.042526
9.315244
9.219639
6.065285
6.413989
7.461698
6.597318
5.162758
8.922523
8.750513
7.525062
6.653945
6.251528
7.857665
8.028530
8.860835
7.451162
5.055192
5.416020
8.026983
7.516608
5.536838
7.435004
7.749686
9.864669
7.350402
9.039839
9.820969
7.915676
5.591763
5.301050
8.958201
9.907006
9.520689
5.023487
6.320995
6.982388
6.620804
6.483753
5.904910
5.371317
9.008816
7.558856
6.622846
6.866480
5.587385
5.483680
9.317643
5.642577
5.899701
7.344626
8.159185
6.436539
9.779631
5.908872
6.301208
7.130032
9.948710
6.122176
5.045707
5.540473
6.423226
9.003908
5.447479
5.943915
9.027395
6.768475
7.926302
5.648199
8.252228
8.831213
6.019516
7.261043
6.390068
7.642362
9.127523
6.977453
8.126041
8.445167
7.620029
9.025743
5.789793
5.779215
5.462281
5.569423
6.688087
6.763489
7.699455
6.636797
7.885665
7.745162
7.177271
9.308891
6.749071
7.624750
5.252807
5.776466
9.393224
8.179109
6.424665
7.645452
7.010321
7.444182
9.906494
8.400389
5.086544
9.034019
5.377841
8.212586
7.479185
7.997871
7.238328
8.268977
8.777086
7.700610
8.838400
5.465174
9.464098
6.537855
7.101972
7.349763
9.283017
9.279242
6.658655
6.032088
6.903992
6.911461
6.808555
6.297215
5.090569
8.233221
8.942667
7.100890
5.677402
8.849162
5.501279
5.763946
7.883180
5.879120
8.976532
5.362364
8.876992
6.214861
8.631342
7.654078
8.915470
7.469742
8.119253
8.379569
9.007597
5.221224
5.729332
8.290614
9.500465
7.387987
9.322702
6.404457
9.299448
6.131258
7.701673
9.390017
9.364477
6.644339
6.490908
5.041880
5.493500
6.992187
5.805826
8.376680
7.871307
9.782358
8.739044
6.748299
5.997219
7.370386
9.402378
9.912689
9.840128
7.521630
8.292257
8.847725
7.742854
9.021589
7.138340
7.243320
6.409576
6.461043
8.647777
5.709024
7.592300
6.349449
5.099041
6.956778
7.993788
6.589949
6.998658
8.487288
8.582135
7.804483
6.863968
6.453442
7.586841
5.603013
8.201740
8.584060
7.973399
7.604117
8.496748
7.813528
5.125747
6.789005
6.661253
7.868601
5.810595
8.799593
5.111921
7.220171
5.260635
8.759697
7.929195
7.852936
5.109146
8.028236
9.809713
8.102934
9.618185
6.808371
6.590222
8.200319
9.612854
8.454190
9.653761
7.199695
9.057203
7.855501
5.783754
7.030603
5.459619
9.280502
9.844131
5.585366
6.069508
6.505384
8.453968
6.880103
5.304976
8.565888
9.100274
5.565612
7.325585
7.029469
8.418549
7.434731
5.057704
8.228262
5.537665
9.675889
5.036633
7.127887
7.876208
9.649487
5.582078
7.529969
6.849182
9.639281
5.385470
7.632936
6.669885
5.845088
6.913438
6.514016
6.430454
7.982946
8.019400
9.884422
9.863049
8.324376
8.450310
8.963323
8.889989
5.775895
5.992792
7.308537
8.210626
6.050496
5.536798
8.748291
5.726385
5.573431
5.876178
8.602592
5.222918
6.458256
6.132562
7.072100
6.097537
6.518031
9.705036
7.767422
7.363120
6.618474
9.281437
8.793574
9.601420
7.300837
8.677996
9.464470
5.625214
7.128305
8.427793
9.515202
7.904201
9.420585
6.823739
6.114826
5.471081
7.360537
9.863117
6.197466
7.933969
5.739295
9.800058
8.156886
7.197551
5.932621
5.228985
8.295088
7.450652
9.934020
6.062510
9.813772
6.552495
5.343947
8.607346
6.153915
7.644784
7.285342
5.618384
8.269998
9.413648
9.046177
7.785200
7.317848
8.466761
9.608938
8.432674
8.937841
6.969475
8.295792
5.135307
9.903443
9.035086
9.935366
8.060329
6.232636
5.867986
8.289314
9.527725
8.318638
8.223334
5.590234
8.132410
9.775829
5.934182
6.739757
5.929744
8.578967
9.025098
6.548129
6.848965
8.438745
5.594306
9.634165
5.756593
9.061068
9.243103
9.189267
7.998909
6.212578
7.485058
8.134216
6.116022
6.520145
8.069582
9.176351
7.752781
8.937569
7.465665
7.280506
7.256207
5.689000
7.870741
5.388617
5.464829
8.804923
7.128373
6.394573
7.383890
6.153472
7.942702
9.232855
9.592217
8.537007
8.867020
5.348811
7.598075
8.110123
9.538078
5.596985
9.322701
7.023137
8.731201
5.438723
8.543282
6.800783
9.615073
6.296063
5.738351
7.080738
8.576570
7.994558
7.769738
6.447310
8.383175
8.234567
5.252233
5.511549
9.629141
7.636123
6.665020
7.571843
6.868979
6.257238
6.108850
5.735998
6.606050
8.706926
8.846121
6.144128
9.303910
8.168821
8.167265
8.035111
8.607544
6.710546
9.835894
8.222617
8.006610
5.574245
5.303354
6.583180
8.568803
8.073092
8.030490
6.951978
6.307660
8.282723
7.463527
5.936800
5.918847
9.128548
8.508643
7.787825
5.385786
9.617493
8.523823
6.991835
8.324419
7.369944
8.135963
7.628329
5.538765
6.303228
5.663440
9.146309
8.013774
5.499334
7.368925
6.020385
6.073579
7.672280
7.603564
9.642383
5.745373
5.634055
6.594361
7.053032
8.916778
9.057889
7.989832
9.835625
8.186437
6.498475
7.623449
8.572222
6.115968
6.147273
5.564058
9.440388
8.517217
8.700020
7.068716
9.055983
5.003248
7.732157
8.202291
8.017023
8.231491
5.571217
9.037408
9.305070
8.243496
6.640972
8.947453
8.988869
7.275026
5.541814
6.041901
6.191804
9.599703
9.031734
6.027429
7.786139
5.530209
8.650878
6.358361
6.646177
9.798151
6.922419
6.086564
8.315368
5.622440
8.155280
7.371350
5.625688
5.887437
5.573642
8.642711
9.118928
6.144858
7.680119
8.423998
9.388355
9.321091
7.371450
8.377224
6.596117
7.913265
9.419126
7.787921
7.512968
8.450859
8.815350
5.299106
8.981067
7.466228
6.657468
5.627245
7.264379
8.579887
6.713809
5.579746
9.202327
9.869089
7.951097
9.828015
5.756526
8.524738
8.470726
9.875454
9.669596
6.150845
8.299452
9.057951
5.471936
5.670903
7.435174
7.068053
8.584167
6.854300
9.855974
6.097135
5.305158
8.671324
6.396241
9.286225
6.137552
8.053709
9.913469
8.401930
6.633595
6.627278
8.981677
5.835922
6.496368
6.932774
5.663938
7.252894
5.457511
9.134664
7.128349
5.127108
5.285509
5.427802
9.185059
5.757444
6.098704
6.620233
7.825498
9.682871
8.474533
7.681471
5.780005
8.779692
6.352796
7.176246
8.065916
7.490347
5.229955
7.979386
5.892277
6.863550
9.606666
9.873954
7.699473
6.103033
6.806727
8.363410
8.355928
7.264240
7.498074
5.484277
7.391347
7.783582
5.912079
6.576406
8.541026
7.010782
8.196639
6.366523
6.693654
6.671172
9.047995
7.473659
5.450863
5.400790
9.649905
8.516780
7.891138
9.879860
6.496167
8.783415
6.743410
6.102831
8.657370
9.442883
7.205865
5.464097
7.806293
5.561793
7.728336
5.304366
6.046070
5.119684
8.087948
6.958148
6.696090
6.628973
8.968931
9.892730
7.995497
5.662584
6.563902
7.043491
8.136244
7.014766
7.444281
7.786149
5.531545
5.335419
7.666008
7.027712
9.118834
9.409419
8.130543
7.776202
8.852302
5.336408
8.240299
6.658594
5.898200
5.968636
6.962960
6.944270
6.088320
5.050908
8.902418
7.784410
6.679881
7.871349
7.677139
9.675378
8.533935
9.241041
6.718869
6.670177
6.255807
9.163150
9.456326
6.787352
9.498569
7.122335
8.815063
8.617401
6.531754
6.945607
6.393604
5.384055
7.282015
9.633903
7.042649
8.180216
5.602539
9.005609
5.124485
6.690859
9.056516
9.026904
9.475268
5.736397
6.898253
7.152408
5.411775
5.432187
6.393449
7.130643
7.102365
7.649255
6.293793
6.558692
9.436607
5.792361
8.681026
8.251671
9.409762
5.212780
5.197278
5.803366
5.596835
7.479293
5.437269
7.639484
5.659508
6.039808
6.645092
5.783994
7.730667
5.701608
9.810898
7.205935
6.438005
6.709151
9.358343
6.849780
7.141339
5.751791
8.980423
9.243704
8.401047
5.274217
5.802396
7.837654
6.066578
9.483423
6.089325
5.476341
9.696203
6.286603
6.279707
5.293038
8.765896
6.716977
7.932522
9.425404
7.756785
9.577614
5.209398
5.487452
5.279222
5.020296
7.693387
6.717228
6.729447
7.051730
8.567008
8.870787
7.803521
7.547431
8.114491
6.204568
7.821648
8.916886
9.042223
8.888226
8.400309
5.131547
9.364567
8.096513
6.418151
5.644274
8.389550
5.184046
7.361250
6.322073
9.609450
5.118036
5.899687
9.818849
5.605487
6.178909
9.839144
8.298874
7.896137
6.568591
5.350604
6.463144
5.439377
8.154125
9.010574
8.553867
9.358694
6.832222
7.470755
8.400916
5.720448
5.871063
8.532464
5.085015
8.967576
9.950614
5.729289
7.357126
5.134661
8.090540
8.679199
9.744111
8.208575
9.578887
9.562959
8.814062
5.757795
9.402102
7.112937
8.653933
5.970694
7.463541
5.117077
6.410071
5.617666
9.127651
9.963940
9.976360
5.959874
7.434693
8.377276
6.680322
8.305757
6.909740
6.765337
7.273333
6.860355
7.494626
9.630460
6.995016
5.585166
8.309659
6.739126
8.793740
7.888546
6.302085
7.607803
8.646341
5.704188
9.720739
7.300274
6.674882
7.184280
7.417351
8.084954
7.801947
6.545002
8.048893
7.778307
7.504877
5.483585
6.155584
9.185199
8.789342
8.065325
5.950536
6.062675
9.925680
8.445162
5.693134
6.920695
9.030328
9.002792
8.659822
7.824068
6.891338
9.961908
5.431871
5.537680
5.666096
5.152610
7.837954
7.340979
7.336890
5.255304
5.425932
5.138836
6.800307
8.474825
7.917144
9.305183
8.958410
9.072727
8.490383
7.747753
7.138052
9.440919
8.810427
7.063732
7.886081
9.503561
8.984427
6.916409
8.506353
7.644249
9.740477
5.397692
7.606156
5.172347
5.935371
8.272253
5.324957
8.773326
5.613231
7.661847
9.028630
6.039164
7.800684
5.828938
9.513988
5.717827
5.134121
8.472399
9.790555
8.624504
6.220150
6.928607
8.065423
5.030578
8.992339
5.951505
9.534139
7.976766
7.867913
8.040492
5.621015
7.608390
8.438185
8.227172
7.780737
9.373556
6.499424
8.105694
8.146881
7.112656
5.767541
7.175511
8.151818
8.568225
8.004448
7.665807
9.286052
8.138570
6.138206
9.076607
6.763074
7.358356
6.005214
9.828498
7.388934
9.997553
5.780003
6.923072
7.974319
8.647916
9.963564
8.595334
6.256306
8.401749
6.822505
9.037043
7.775304
8.321930
7.142736
5.922185
5.434585
7.910277
8.097697
8.586405
6.478502
6.102145
6.252212
5.764554
9.240715
7.390417
9.841161
6.003790
9.748773
5.846375
5.832287
7.137706
5.843928
6.612289
9.060779
8.818246
5.260205
9.024343
7.413580
6.516511
7.426091
9.236086
5.553553
5.201396
7.558016
7.696290
6.123581
7.992600
5.606567
9.221278
6.579004
7.085070
5.323424
7.831216
7.849623
9.564138
5.221632
7.690784
5.567928
9.970406
8.537160
6.400216
7.108111
9.381086
8.012506
6.168890
8.199333
8.272711
5.193233
5.612913
9.789223
7.619325
9.848999
5.342775
7.820721
7.407014
8.039065
8.944303
5.399614
8.645632
8.165581
6.978619
5.730701
8.489004
9.809835
8.580324
8.053144
5.031466
6.271109
8.621072
5.001872
9.808269
5.021288
7.109983
9.189356
8.033794
8.278873
7.388690
6.306505
8.472107
8.001603
6.095728
6.091432
7.850602
6.438503
8.912153
5.257616
9.477569
7.856456
5.657231
8.123201
6.022037
7.635850
8.853903
9.511041
7.445685
7.434227
7.564185
7.477152
8.705337
6.185257
7.479023
8.513605
6.206545
9.589005
7.702961
9.240339
7.867879
5.091650
5.546844
6.339986
8.093253
6.642573
7.431417
5.943855
8.081076
6.343571
6.201472
7.558645
9.200027
6.858703
5.681846
5.222063
9.494553
9.535749
9.733105
6.940238
6.969976
7.297289
9.417390
5.675312
8.482546
6.896413
9.188918
9.689091
6.485419
6.891879
8.929430
9.353298
6.983529
9.476274
5.693284
5.076782
6.118847
8.124701
6.020637
9.199924
9.468272
7.222109
6.758568
8.668299
9.080812
7.440414
8.890363
8.575364
6.976162
8.623466
5.515602
8.946138
5.920756
9.932993
9.621450
9.403301
6.829405
8.810369
9.092392
8.314824
5.702247
8.021822
7.668122
7.685776
7.498097
8.361406
7.762558
8.616944
6.486108
8.783195
7.816867
5.954380
6.005304
9.575435
9.622679
5.086115
7.015849
8.513041
8.661479
8.992012
7.136508
9.177082
7.938150
8.057263
9.110074
7.559601
7.460565
5.939479
6.369969
6.552957
9.254303
7.072216
9.574779
6.922426
9.757992
7.072875
5.283832
7.520550
5.689819
6.769939
6.303745
8.506687
7.724319
7.309049
8.082122
7.346998
7.395164
5.097971
5.860039
6.056643
9.089983
7.996547
5.233724
7.028132
6.053810
9.343798
9.587734
8.514375
5.283277
5.957703
5.067332
9.537580
8.029919
9.642110
6.460005
7.787910
6.714985
6.743837
5.308461
7.404805
8.513776
6.612206
5.911491
6.238095
8.921253
8.993614
8.585093
6.316418
9.091585
9.445132
7.373061
8.181567
7.441679
7.606785
5.209700
8.495489
6.950583
9.797434
7.009864
7.233859
5.755136
7.077196
6.771440
8.785055
6.719306
8.231444
6.572966
8.434292
9.975282
6.881427
5.839096
8.489058
8.493632
6.750588
9.727153
7.414886
5.744201
8.312246
8.731304
9.835786
7.757378
6.104364
8.017353
5.199057
8.711148
8.227053
8.694546
5.661731
8.024487
5.704410
7.895591
8.779622
7.781606
9.667030
7.564678
9.500912
7.898474
9.137644
7.935202
7.873755
6.019070
8.774299
6.362814
9.512702
5.524886
6.089967
6.927589
6.269088
9.402213
5.658893
6.104873
7.159591
6.763257
9.122225
7.358647
5.474406
7.349277
6.053194
6.136137
5.373764
6.757603
9.031729
9.153386
9.539208
8.698758
6.718063
9.040119
6.597233
5.855707
6.975322
9.470988
6.874777
5.749621
5.833802
6.387480
6.274508
6.923769
8.315068
7.543595
6.325982
8.973962
8.648468
8.485573
5.737219
7.770693
5.844220
6.211625
5.119971
6.897414
7.347762
5.493734
8.655017
6.379490
9.647120
8.194226
5.078249
6.365184
7.234345
6.675481
7.220891
9.209667
6.146469
9.095668
9.959289
6.980271
5.483148
6.233797
8.904040
8.798217
8.777391
5.230022
7.772179
7.425859
8.715595
8.509397
5.196553
9.559814
9.721022
5.316524
6.457229
7.068784
5.810258
5.112245
8.448275
5.457378
8.306471
8.526522
6.822562
5.540817
5.202003
9.043453
9.750484
6.348472
8.139120
9.709773
8.328744
8.622269
5.943570
7.232784
7.420485
9.720963
7.462806
5.192664
7.146821
6.178401
8.702061
7.343374
5.738215
8.423082
7.659897
7.195444
5.491866
8.470155
7.307689
8.940140
8.927534
5.614161
7.466661
5.750095
6.154977
7.668664
9.793548
5.905461
9.017136
7.932668
5.615235
7.345880
6.554936
6.558805
9.578665
8.975421
6.279767
7.041471
9.168085
8.426588
8.219872
7.870145
5.769961
8.958087
6.293228
8.429859
6.153531
6.785093
6.900014
8.461220
5.725233
5.827547
9.075380
8.191895
6.577642
5.230358
5.860558
6.371189
6.135819
9.877694
9.303857
6.751054
7.223574
5.858793
8.309858
6.802238
9.834214
9.589625
8.843708
9.002299
8.016212
7.063580
6.872445
8.786174
6.021667
8.165672
7.216032
7.175197
9.950766
9.116045
5.636417
5.675998
9.943592
9.711799
8.867892
6.521234
9.942156
9.728451
7.892423
6.077975
9.606146
7.196280
7.829028
6.829720
8.055073
6.138887
8.631958
7.889288
5.728512
7.475666
6.891587
8.744724
9.539246
8.764032
7.530898
5.560912
6.929705
9.746930
7.736108
6.880470
8.862976
8.372526
7.556468
8.806568
8.084324
6.424361
5.327802
8.026480
6.152812
8.220225
9.104454
5.758957
5.416505
6.933483
7.588676
8.471579
8.072371
6.220634
6.360867
8.800882
8.696300
8.252454
7.545606
8.235545
7.016486
5.076504
8.796456
8.946191
9.823435
6.532565
5.826660
8.686410
9.905091
8.383129
7.492977
7.989415
9.807490
7.820779
6.015895
5.960302
6.041004
5.120349
6.719259
6.457510
7.053833
9.307936
9.929089
5.126203
5.528569
6.289955
8.927084
9.224869
9.542409
6.472691
7.460413
6.558895
6.549195
6.256870
5.505085
6.372629
7.789435
6.331746
5.059039
7.694526
9.714875
7.552016
5.683942
9.522366
5.372796
6.699837
5.482666
6.413799
6.820187
7.201925
7.871309
8.874020
6.509861
7.800397
9.000221
7.038429
9.090352
7.927306
6.263298
8.632760
9.399997
8.723711
5.191655
5.949192
9.980581
5.696740
7.321821
7.770016
7.028486
7.380860
5.464542
6.743361
9.932877
6.148484
6.265726
5.305672
7.848320
6.748393
6.719472
9.668507
8.950318
9.590781
8.542526
5.460179
7.391179
7.542747
7.498608
6.481530
5.470054
8.761906
5.114291
9.870051
7.485618
5.305946
5.819243
7.466198
6.002686
8.141065
5.236214
8.031172
5.521925
5.700756
9.774533
5.454802
6.849240
6.040259
5.760474
9.697560
7.788652
7.479946
9.366068
6.738970
7.070727
7.908593
7.199149
9.461906
5.451341
9.697758
5.943436
5.921394
8.459663
6.057727
5.791445
5.945280
6.363673
6.610689
8.411478
7.366359
9.751753
8.647692
5.397531
5.273678
9.348449
5.172064
5.728479
6.197689
6.212324
6.488953
5.895248
9.000977
8.968899
5.261316
5.739947
6.039627
8.169909
7.939096
5.501533
8.621250
7.636853
6.444969
9.542645
6.096517
7.502696
5.334089
7.041798
8.866368
6.944778
5.453276
6.232727
6.696530
9.100968
6.630258
6.970209
8.449417
6.802322
7.698688
9.647104
8.014646
9.187641
5.542354
7.015622
8.156540
5.803670
7.755569
9.196167
8.973579
5.694665
9.697701
7.594830
8.331519
6.142669
7.137474
9.428036
8.645365
7.471564
6.469832
7.511734
9.416342
6.923109
8.744460
6.112872
6.024077
5.374719
8.083081
9.473494
7.177041
5.781769
9.120599
5.191687
9.969410
9.662952
7.207309
8.125950
5.466623
9.962878
7.322118
9.440203
5.657543
7.019818
7.035032
8.989062
8.162487
9.172506
8.417097
6.807852
6.644070
9.886930
9.319586
6.060410
6.810040
8.064047
7.173284
7.834116
8.438766
5.256364
7.307610
5.615807
6.038134
6.428208
5.807493
6.007543
6.091160
8.014802
9.133493
6.557783
7.977680
6.455612
5.997986
8.635223
8.475430
8.033018
7.624285
6.637917
7.205524
6.041383
8.445769
8.849593
5.928313
7.765355
9.910004
7.738352
5.829402
7.083288
5.572468
9.268168
7.339652
7.880077
9.883974
8.377786
9.308285
5.691467
9.385329
5.399446
8.706269
8.518824
6.957229
6.683950
9.974434
7.955215
5.319173
8.449864
5.988232
7.943459
5.087781
8.193756
8.984841
8.533550
7.043348
9.913155
6.298906
6.953353
7.651506
7.128308
9.036641
8.223974
6.396477
6.376293
6.104052
6.280451
9.754078
5.412337
6.971918
9.139408
5.811782
5.678187
7.658231
7.769011
7.362137
7.632666
5.724226
7.681310
6.082530
6.712458
5.624769
6.170311
9.906214
9.609610
9.703861
6.949563
9.522763
6.002768
8.902916
7.174270
8.131076
7.939556
5.398245
9.527553
9.315849
6.502297
5.808003
9.069928
6.914634
7.779922
8.209335
7.726416
8.458110
5.867566
5.495427
5.820247
8.500231
6.219653
8.501557
9.582760
7.932110
9.126326
5.753072
7.838325
8.735935
5.456933
9.787886
8.258699
6.459701
8.690802
5.432969
9.590777
6.630358
5.831214
9.118330
5.946207
7.333511
9.926333
5.016134
9.248144
7.706256
8.225470
6.974561
6.164365
9.093036
7.469988
6.984612
7.593266
8.689641
5.486169
7.176027
6.621751
9.612494
7.929099
9.460075
8.348431
8.386032
9.247962
6.607130
9.845733
7.938763
7.040099
9.436510
9.569121
7.871313
8.554841
5.515328
5.204823
8.481174
5.531463
9.452968
6.187430
8.756932
6.427529
7.351795
7.849967
8.897516
9.336407
5.443233
7.587157
9.822577
7.619261
9.208908
9.435071
5.548359
8.668983
7.783501
8.934391
7.916945
9.390631
8.780125
5.855708
6.430729
8.216634
5.424829
9.302042
6.771474
5.940157
9.506866
5.252649
6.471620
8.959833
6.440079
5.228552
5.387362
8.791874
8.078519
9.284879
8.128282
8.521752
6.872035
7.950858
6.141012
6.080943
7.385929
6.689372
9.749927
5.169430
5.623762
7.666872
9.560061
9.403886
8.522579
5.990790
7.620520
8.947409
5.292832
9.391994
9.887566
9.799698
9.644644
6.359186
8.759532
6.084723
6.587737
9.146894
9.876596
9.666256
8.431772
8.004878
8.188008
5.303808
5.955736
9.329021
6.384752
8.341664
6.018392
6.134679
8.511095
6.642154
8.801551
8.071156
6.046040
7.324131
9.061946
8.666559
6.271539
9.354778
8.058555
6.159105
9.154476
7.703198
7.518291
7.914008
8.787920
9.106028
7.060902
8.664517
8.772284
5.492674
6.669395
6.960292
5.796482
7.625132
6.289312
7.181234
5.966796
7.307705
8.315912
9.477891
8.949858
7.117463
7.549047
9.995898
9.441594
6.610993
8.662458
5.713133
5.965772
6.721013
6.872238
5.120248
9.424211
9.390529
8.034256
8.212132
8.496557
5.095157
6.876649
7.268841
5.587831
8.546045
9.229133
6.384313
6.171176
5.518445
8.565547
7.137972
7.826149
6.881459
6.615863
6.776008
8.998922
9.164911
6.771906
8.440516
5.775904
5.434364
9.153648
6.741676
7.155376
6.025887
6.861923
6.579587
5.416416
9.896178
9.791718
8.912972
9.991335
6.668367
6.181813
5.579166
5.214411
5.410946
6.963478
6.385587
5.929391
5.529025
8.523560
8.755541
7.410485
5.139423
5.531549
6.409408
9.304334
7.303453
9.849924
5.080238
7.737818
9.003572
6.821914
9.893194
5.029459
8.683838
6.472781
5.445876
8.580016
6.264499
9.358849
8.571351
7.932866
5.540662
9.150517
8.147277
5.951607
6.113996
9.532864
6.880999
6.643021
8.056422
5.636539
9.053506
8.195847
6.168087
5.462914
7.500180
8.471541
5.312838
7.580418
6.209359
9.316410
9.402332
6.102553
9.345870
8.086169
7.575335
9.791745
6.666185
8.839832
9.150594
5.237536
6.772698
9.691256
9.388054
9.919975
5.642863
5.502048
9.452838
7.523861
7.145070
7.509261
8.160400
6.198576
5.705107
9.328487
6.661489
8.205286
7.800028
6.974327
5.785704
9.009388
6.290737
5.188036
5.111940
5.636607
8.274206
7.687274
5.428353
9.940391
6.527107
9.578947
5.177927
8.299806
9.270202
9.565981
8.219780
9.913065
5.068029
7.672619
7.436926
7.213099
5.181880
5.597327
8.411674
5.886986
9.925814
5.073165
9.092273
7.725842
7.047492
9.877977
6.735230
8.338229
5.066014
6.847171
8.974837
8.340219
9.534446
9.403190
8.280610
6.061553
8.982137
8.458537
9.361359
8.252339
8.024518
7.581139
8.165403
8.092547
5.253757
5.602330
5.305646
5.435637
6.199656
8.717321
6.322623
6.125470
8.790485
5.414896
8.851314
5.837977
5.292874
5.586544
9.176206
5.358888
7.433714
8.151043
8.699108
6.968160
7.554233
6.979718
8.029713
6.536369
5.438256
7.391071
9.788708
8.462773
9.972210
7.954112
6.555321
5.225967
8.556442
6.860967
5.661604
9.756099
5.578287
6.984227
5.881569
9.368773
7.399124
9.732883
5.206749
7.691998
5.319427
9.382956
8.050886
7.753141
7.533998
6.749993
9.721300
5.088231
8.729712
7.751014
6.624600
9.167968
5.142085
6.413308
7.630742
5.114295
9.367420
9.186062
5.340262
7.923863
6.047029
6.001866
7.679962
6.625316
7.986093
8.561531
5.994089
5.385217
8.294415
6.200838
8.077215
8.613841
5.583794
6.128101
6.366982
8.117792
7.878095
6.088283
8.206023
6.607807
8.839296
9.830624
5.775775
8.981381
6.243932
8.406516
9.095676
5.611352
7.592579
9.435938
8.535214
8.639607
5.437804
6.215177
5.264924
8.423897
9.776709
6.259012
8.809114
8.071123
7.459850
6.886329
6.684964
8.043644
8.014429
8.051946
6.161437
5.892524
9.140228
9.367460
7.500330
7.979524
9.198084
8.276105
6.960905
5.442015
6.682622
6.056581
6.053367
9.275200
5.492518
9.588583
7.914808
5.930323
5.803760
8.179731
9.354219
5.580468
9.438744
8.163333
8.651591
6.898594
5.049662
5.336555
9.942240
8.064091
8.388500
6.103676
8.956614
7.528728
5.471136
6.456945
5.508252
9.669219
9.733049
7.469157
5.111235
6.415672
8.525738
6.164602
5.690873
9.018257
5.753185
8.605680
9.948580
6.556944
6.785412
9.302799
7.137413
6.224156
7.466133
5.789003
8.122750
7.515794
6.125558
8.064990
5.579885
9.514059
9.168665
9.536500
7.042787
9.639802
5.993445
7.551039
9.309021
5.726495
5.020196
9.420257
7.142167
8.545935
5.584859
7.833040
7.564192
6.338044
6.438720
7.512771
7.894988
8.224133
6.815571
5.032401
9.448288
9.281703
5.821404
7.571038
6.797497
6.946962
5.636028
7.377382
6.461020
9.804694
6.913882
8.503808
9.444496
7.907327
6.054846
8.753518
8.633821
6.075043
8.173775
5.775989
9.620977
8.758633
8.609028
7.185168
5.096677
5.047748
9.697940
7.991666
8.271879
6.513510
8.024066
7.720168
5.795213
8.845470
5.291205
7.592710
5.792432
5.927234
9.970093
7.253454
5.731928
6.883975
5.757261
5.176424
9.791302
6.812107
8.929941
8.425122
7.887150
7.103715
9.201112
7.508126
5.862349
7.810140
9.693295
5.959025
7.857887
9.391235
8.950691
6.129766
5.904745
6.974757
8.849935
6.699958
5.820227
9.141140
9.292668
6.612659
5.068374
9.262761
8.866114
5.800302
6.146736
9.623374
5.976725
5.938037
6.435481
9.906667
9.363160
9.322632
7.010383
8.564271
6.830758
7.872730
6.374411
6.524053
8.831757
9.232298
5.915288
7.782447
5.362065
6.820033
9.757204
9.211999
8.519992
5.577431
8.353139
7.812660
7.190092
8.421514
7.075420
6.056204
9.221815
8.222157
5.679579
5.198541
9.160193
7.115060
5.105207
8.523354
6.437692
7.115589
7.087626
8.268450
9.988320
8.462036
9.792501
8.820077
7.694334
5.707789
6.602524
8.056399
7.527823
6.359728
7.268398
6.047814
6.937160
5.621538
8.860474
9.127251
9.043051
5.935895
5.183455
8.264867
9.158051
5.863034
8.463408
8.318245
7.978094
8.568615
6.841598
9.415785
5.684204
8.929223
7.684235
5.672524
7.391259
7.476736
9.492601
5.085593
8.184526
6.095125
8.141993
5.712349
7.454853
5.410390
6.760163
9.392013
6.031929
5.620637
8.519262
5.074980
6.556531
8.702718
8.339846
5.714583
9.565752
6.803253
9.032827
7.543846
5.371868
5.874426
6.959631
6.056072
9.803649
9.643866
6.728597
7.194908
7.120602
6.221197
7.280501
5.305128
7.316322
5.422493
6.017478
9.771175
5.832884
7.777640
9.163187
6.864812
8.398277
7.682450
6.939793
9.954809
6.385167
5.279639
5.669391
5.950919
7.082892
9.702219
8.494765
7.454760
5.576644
5.454397
8.510832
5.380294
5.098262
5.239429
7.575202
7.218864
6.460626
9.855703
7.523993
8.776949
5.278196
8.541471
8.548123
6.111080
6.319110
7.711310
7.975893
9.717387
5.393760
9.915685
9.672195
6.778927
5.195324
5.341588
7.729847
7.278216
5.043807
6.224612
9.732976
5.620451
6.679008
8.243808
6.000745
6.777271
8.483236
8.575947
8.996136
9.943862
8.431650
6.520129
8.720810
8.709846
5.061599
7.268934
9.820927
6.380710
9.980245
7.796819
6.098097
5.374004
7.712503
5.770293
7.152932
7.907827
6.111881
9.882779
5.186043
6.155687
6.107390
9.919019
6.776139
7.786399
8.162827
7.776885
9.563670
6.646063
6.352832
8.559806
6.589925
9.784481
5.079935
5.310736
8.494328
5.141534
7.579670
8.315254
6.522243
7.559914
6.112073
7.620340
7.933918
8.824576
8.390634
5.086851
6.732404
9.502515
9.969629
6.918447
5.658203
6.077020
6.837467
7.434342
8.863419
5.000294
5.211226
8.427089
6.646357
6.564058
6.986895
8.236282
6.348539
7.066829
8.547018
9.842867
7.208363
6.126688
8.158121
8.730606
8.686602
9.270193
6.350946
6.620520
8.094770
9.741579
6.707370
9.827175
9.244094
6.676999
6.745622
9.902297
7.754018
8.583089
7.336639
6.617437
8.583383
7.547865
5.044527
5.229740
9.111923
7.031421
8.466022
5.460463
9.098250
7.013040
5.303330
6.306612
8.139729
8.461452
5.037218
6.826330
7.731645
6.388164
8.446850
5.826416
6.129744
5.154220
5.653591
5.373838
6.831219
7.399213
5.276134
9.585238
5.982303
7.612773
6.202675
9.565685
5.160639
6.247201
9.795425
9.272562
8.278623
8.261447
9.733026
7.376872
5.274487
5.036356
8.683485
8.414215
8.497807
8.720704
5.240545
6.229453
5.108868
8.687395
7.055869
6.238611
8.841615
7.709459
6.612449
5.672833
5.108672
6.888584
5.258071
6.090975
9.501358
6.460745
5.656660
9.661997
7.707946
5.452085
8.934559
5.986569
8.713532
8.667584
8.363441
8.988019
8.703939
7.046926
7.402235
7.201747
5.767631
7.642780
8.431200
5.876498
6.330175
5.487069
7.115109
5.171790
8.196527
8.727559
5.844622
8.305201
5.616143
6.102693
9.396175
5.117500
7.563438
5.052835
9.779497
5.271385
5.504920
8.714056
6.257954
9.218452
7.381640
9.621395
8.206471
6.085581
6.668322
5.608707
8.287329
7.435952
8.251487
6.718528
8.312449
9.581662
7.205597
5.427560
9.753451
5.402125
9.155119
5.598073
8.707325
9.771261
6.700767
8.103501
9.888762
9.264205
8.156337
9.668260
9.535590
8.661257
8.382316
5.793544
7.879710
5.763956
5.414939
6.086182
6.849537
7.083261
6.694889
5.136866
9.519213
9.946376
6.855393
7.831662
9.528038
9.060991
8.259221
9.281490
9.463116
7.414340
9.879562
8.170442
7.185602
6.580330
6.273942
7.074363
5.844535
9.430279
6.742623
5.380125
8.091537
5.124938
6.173669
5.971246
5.888894
6.588609
7.057428
7.738431
8.671869
8.752316
7.875297
8.191082
8.698693
9.730690
6.022744
8.226730
8.791680
9.281966
7.508221
8.254796
6.696306
7.387784
6.425237
8.881907
8.968114
7.699179
5.956271
9.812649
7.129458
7.698894
5.192774
5.220994
7.823832
6.366443
6.192241
8.712727
7.955051
8.249669
6.451158
6.626921
7.001986
9.326454
9.818003
5.700679
9.057144
5.840747
8.927410
7.848825
5.122714
6.435630
6.103620
6.819019
8.823413
7.528856
5.700927
7.791527
5.228035
6.657198
7.604176
7.357493
9.356092
7.796949
7.578487
7.179924
9.163393
8.770728
5.892651
7.118444
7.020397
7.343808
8.745365
9.022383
6.670263
8.563368
9.723062
5.727406
9.404116
8.650471
8.576230
9.526829
5.086100
9.679851
6.345848
8.909513
7.208707
7.046775
6.701040
7.436742
8.703974
9.305216
9.794235
8.060065
7.102165
7.372722
5.239990
6.265558
6.143450
6.132641
8.384003
8.163847
8.476450
7.129368
7.186229
5.146713
5.692736
6.909290
5.874119
5.096851
5.559760
9.450349
9.623680
5.645861
9.130199
5.969528
9.555374
6.338906
8.016302
6.256414
8.775648
6.720276
5.561630
8.569882
9.780341
7.663796
5.942605
5.020332
8.929354
7.086055
6.152973
7.313356
5.249902
9.629423
9.442723
7.436131
9.776135
5.135459
9.345422
5.650254
5.232310
9.905182
5.100604
9.855989
5.551043
9.230803
5.825517
5.106416
5.569710
8.841821
6.362830
9.345358
5.562096
6.924460
7.915240
5.342438
9.588256
8.857845
5.362771
8.517610
5.943900
6.515744
5.830966
6.193802
6.145167
5.273689
8.629933
5.921303
5.409148
7.975354
6.571558
5.641458
7.880536
6.672162
5.497448
8.431579
5.902965
6.322966
8.537994
6.472674
5.164786
9.900826
5.818032
5.726882
6.825285
8.733272
6.069321
6.413541
7.591116
6.432090
9.931151
8.535015
7.947834
5.762117
9.728818
9.093000
6.035806
8.358750
5.014305
6.444954
6.334105
6.585862
7.086412
9.214641
8.258024
7.583860
7.646220
9.160989
8.906826
6.184215
5.633664
9.071611
6.085039
6.451695
9.798493
7.910325
5.184967
5.867814
9.323866
7.776083
7.299904
9.255018
6.311099
5.247738
5.017135
6.039917
9.340740
6.052941
9.398667
9.355044
7.497895
5.732772
5.940906
9.584308
9.947413
9.198930
7.168168
7.593633
8.359919
6.074994
8.777847
8.993582
5.146605
9.862886
5.445278
9.945098
7.773211
5.630244
5.812912
7.097077
8.406327
8.112817
6.352096
9.717426
8.360556
6.369230
5.757343
7.701294
7.422171
5.156011
7.056339
9.920066
5.888782
7.997245
9.504374
5.836195
7.196174
6.672541
8.429828
5.556093
7.747535
7.207675
9.549675
7.894139
7.070561
9.994953
7.839237
9.843772
5.625197
8.652149
6.940849
9.031525
6.764966
8.292945
8.748951
5.125522
9.662175
9.506293
7.826816
7.084346
9.662304
9.883155
7.004413
5.551086
7.880399
6.508785
6.387281
5.076573
8.181326
9.817109
5.632667
5.928861
7.024784
5.182342
8.823000
9.095345
5.177295
6.662238
8.939117
5.802492
5.314388
5.879967
9.834017
7.079354
9.172912
8.582968
7.204875
8.835087
8.089261
5.031691
5.919433
7.751565
9.914845
7.923845
8.302651
7.795245
9.432631
9.689933
7.871819
7.613957
9.507042
8.504485
8.542818
6.531826
8.686828
7.365818
5.627172
8.864122
9.028056
9.566288
9.666615
9.342443
5.446255
9.500630
6.421798
9.619166
8.083598
8.626673
8.454253
6.172859
8.658363
9.373686
8.924425
8.573210
7.297531
7.227077
6.368455
6.730162
6.917009
9.240273
9.344119
6.424052
7.744760
7.886938
7.955879
6.431587
5.252756
8.583050
5.295709
9.280812
8.149339
9.962322
8.623256
8.595592
9.462954
5.045053
8.214760
7.546551
8.671726
6.669012
8.719411
7.330091
6.042699
7.643836
5.903300
8.340230
9.870912
7.271755
5.070392
6.787921
6.512029
9.414511
8.211974
9.256787
7.301449
6.167852
5.688374
7.554204
9.750902
5.984083
6.835017
7.900240
5.946405
5.458272
6.495833
5.409359
5.503326
9.710593
7.955911
9.175053
6.379605
6.675322
6.505142
7.422304
9.319157
7.408443
5.762534
9.190069
9.680199
5.832925
5.977991
6.192227
5.247436
9.189964
5.449015
7.548885
5.357816
6.137389
5.103089
5.108718
7.121471
6.938106
8.008959
8.067877
7.396378
9.504793
8.477236
7.899704
9.215385
6.433147
7.074756
5.594992
8.108469
8.579899
8.017296
7.427626
5.988342
8.779830
6.617694
5.668540
9.612755
7.595685
6.860767
9.860191
6.785649
7.309782
7.409077
7.143465
8.447171
7.512165
7.252183
5.568642
9.450272
5.261142
8.636519
6.846650
9.765935
7.113756
9.746353
8.981321
8.546904
6.821109
9.576312
6.655372
5.401008
7.593607
9.082997
6.389350
6.373437
5.700692
7.057890
5.986192
8.296377
8.918658
5.846384
5.082026
6.228440
8.255461
7.225491
9.675611
5.767626
9.477674
5.244253
5.217896
9.738817
8.880773
7.064547
9.504752
5.994528
6.810899
8.486073
9.541431
8.632009
8.062384
6.196803
9.033016
5.655992
5.279800
5.422366
7.029428
5.980493
7.480257
8.015621
9.276869
6.398915
8.862004
9.358895
7.627355
7.117464
6.584387
7.302966
7.885089
6.062061
7.547219
8.102986
5.800879
6.427991
5.167532
5.305630
7.422519
6.978432
8.791703
6.963950
5.610440
6.854087
8.160753
9.643457
7.510078
8.440554
5.065823
9.539507
9.421046
7.546081
7.555127
8.697916
8.944995
6.417131
8.056811
6.572350
8.534595
9.641198
8.875315
6.419683
5.703259
6.422534
9.522671
6.504138
7.850525
9.690203
6.809768
5.273045
6.668634
5.601470
7.236995
7.279074
7.455558
5.397748
6.922531
9.965635
8.838302
6.988354
9.505142
8.259348
9.534434
7.060269
6.957264
8.479429
8.477401
5.014076
5.051779
7.011995
9.655273
8.927094
8.431679
5.358533
5.349627
7.954349
6.862671
8.200153
7.644552
8.672439
8.473197
9.313186
9.273910
5.710192
6.592260
6.729467
6.107941
8.514791
6.695103
9.946242
5.503145
6.200244
8.205591
5.037579
8.260514
5.162855
8.517008
6.737914
5.176930
8.568787
8.749909
9.832205
7.495880
7.181588
5.190737
7.845508
5.135937
7.053408
6.045661
7.780489
5.725846
9.518859
7.093675
9.999756
5.229051
8.685934
6.729222
6.336992
7.200725
8.424324
6.283235
7.703869
9.624569
9.488826
7.741449
7.885083
9.651681
6.258456
9.622997
9.828611
9.827243
8.372907
9.660815
7.323123
5.554494
9.851552
5.168631
5.690432
6.904960
6.214292
8.470921
7.630806
5.733151
5.564595
7.630562
5.962202
9.250528
9.359784
7.299194
6.451254
7.784108
8.582429
9.155125
7.408677
8.071255
6.896573
5.293760
7.722935
8.155029
9.916758
7.551546
7.982271
8.289663
7.212362
5.305393
8.844158
7.063914
5.474024
9.534590
8.968874
6.688316
8.005510
6.599681
7.421467
8.570105
9.230243
8.383669
7.820634
8.590027
5.682864
9.271889
6.374135
9.265291
8.427012
8.782813
7.336546
5.323586
9.076572
5.059481
8.478614
8.993330
7.611028
6.460885
7.282994
9.823389
6.766279
6.127152
6.887303
7.240303
5.661741
5.856178
8.928619
8.667252
7.455859
6.350086
7.237357
6.686103
9.733755
5.057991
5.276130
5.416619
9.329880
6.650266
9.681911
7.756892
5.433078
7.018457
8.080478
9.509651
7.077939
6.559091
8.502981
9.688967
8.019977
5.785975
9.512357
9.786255
6.913127
6.399660
7.026557
7.574869
7.255838
5.955176
6.242121
9.711697
7.305264
8.479478
6.397800
7.039019
8.537469
6.673930
7.455638
7.867349
8.324195
7.137549
5.624241
8.757275
9.156007
8.704719
8.266925
6.233946
5.263810
6.769906
5.922913
8.283786
7.555882
5.435269
8.070041
9.469008
6.834929
5.096598
7.043878
9.090767
6.051775
8.285998
8.802464
8.357038
6.765476
5.200264
5.396057
5.302945
6.874194
7.851695
8.170294
5.198390
9.989244
8.794536
8.955664
9.145251
7.499254
7.222589
5.379197
7.763064
8.992496
6.302110
6.046850
6.548377
6.737378
9.116891
6.017386
8.572307
9.213490
8.061264
7.663074
5.265265
6.347262
6.465538
8.622302
8.112738
6.665802
9.018359
8.415684
8.539996
6.870055
6.585977
8.738386
6.859299
5.380512
7.694050
6.004550
7.879766
9.916639
6.383747
5.642829
8.909135
7.685857
6.689680
5.457511
9.423235
5.806571
6.474898
7.995542
5.020061
9.536161
5.658615
5.285325
5.883424
7.124153
8.907627
8.996161
8.789955
7.925987
7.411845
7.329951
9.796041
8.997822
6.068337
6.655340
9.378334
8.762387
7.659891
7.258100
8.679027
9.043637
7.900929
7.588161
6.729494
9.590609
8.045672
6.152730
5.397180
9.520570
9.148272
5.417240
9.056731
9.806887
5.702565
9.940155
6.931039
9.610191
8.936317
5.720994
7.536179
6.348162
8.050945
7.332220
5.345984
9.119283
8.987560
9.724318
7.881670
6.647451
6.982417
6.560697
5.691089
9.883346
9.148856
7.420583
9.473955
7.194529
8.573313
9.871135
6.715099
7.721584
5.288374
5.771832
7.528470
5.990939
5.711987
9.459510
5.601131
9.648303
5.180504
8.137310
5.996465
8.231449
5.469531
6.342449
7.350731
9.457091
6.066766
5.232401
6.104542
8.049183
6.793097
6.795631
7.932529
5.941954
9.216214
7.406484
8.136483
7.789526
7.277618
9.851582
5.511110
7.565993
5.623413
8.039580
8.556932
6.335399
7.499090
9.158064
5.983703
7.679594
7.295374
6.980167
5.911043
7.764904
8.322616
8.261774
7.221996
9.389382
8.494176
8.326538
7.438565
5.287272
5.122169
5.371094
6.229227
9.338383
7.777577
9.365709
7.127910
5.055196
9.217292
7.639021
7.621189
9.840705
5.678601
6.178122
6.176105
8.177691
5.336186
7.159806
5.857285
7.631560
9.139975
6.768328
5.396466
7.462590
5.030102
7.618462
6.851973
8.524277
5.945000
9.290537
8.811550
6.067169
9.661631
5.040776
5.405552
7.439209
9.406486
7.533462
7.494404
8.623777
5.172482
5.115594
8.464482
5.851083
6.293716
9.640587
9.028774
6.629902
6.800394
9.886060
9.261463
5.940368
6.654387
9.657928
8.402958
6.684489
7.276390
5.254931
5.208766
8.221390
9.545468
9.020317
9.288559
9.207099
9.061093
9.694111
6.646308
8.467579
7.227573
9.140712
7.091356
7.400055
9.256306
5.555839
8.251139
5.550022
5.196425
7.279913
7.179924
6.996819
7.165972
6.441386
7.937187
8.820360
6.099315
6.340145
5.504849
8.375704
6.595077
5.713615
6.597094
6.140544
9.733932
5.885653
5.347643
8.795025
5.579763
6.993951
7.262604
7.807336
6.134663
9.353960
5.207391
5.390968
9.909800
8.458529
5.940990
5.106224
5.738442
8.120914
7.103043
7.904415
9.562301
5.040230
6.724774
5.661614
6.380375
7.229623
9.037319
7.975451
7.943239
5.634413
9.115995
7.677171
6.520065
9.463638
6.472196
7.099828
6.457589
8.734799
9.907164
7.592251
8.088759
5.114555
7.983220
7.998558
8.573085
8.924210
8.104782
9.311527
7.045124
5.207825
7.215941
6.607424
5.248055
8.940716
7.269039
6.628430
6.170339
6.306357
9.603881
9.113578
6.940770
8.719876
6.790748
8.460835
8.183515
8.262943
5.560663
9.641103
6.997743
5.467828
7.233354
5.086503
5.582383
5.216574
8.085060
9.155467
9.140782
6.189843
8.466993
6.185906
6.397668
5.682935
7.793330
6.645723
9.623651
5.062368
8.274154
5.793989
6.368726
7.878035
9.907566
8.309496
6.597911
6.698315
6.770331
9.781425
9.961258
7.330995
9.422529
6.959002
7.798822
6.655883
7.045504
8.381206
6.872456
5.130565
7.536673
6.013238
6.320407
6.003666
7.199144
7.718075
6.686602
9.992475
9.363798
6.310253
5.054843
7.637951
7.104242
6.423569
5.515986
7.011808
9.733065
7.113897
8.710123
6.503396
6.895323
8.671381
8.834391
6.317852
5.630383
6.633213
7.973734
7.675886
5.014419
9.846190
7.806450
7.551091
5.859428
9.126858
8.554757
8.058573
6.844933
5.241359
8.051047
6.208730
6.551611
8.105890
8.846682
8.655853
9.529459
9.362668
5.667662
9.262524
6.476565
9.377784
5.765919
8.371888
8.049165
9.600309
9.689740
8.679547
6.233523
7.663474
6.355433
6.247941
7.509664
9.161883
8.799032
8.369092
8.288741
7.353789
6.427665
5.133673
7.595148
9.478713
6.342403
9.146759
7.584603
5.189085
7.802613
7.114062
9.551753
8.470274
6.376586
6.028318
7.848058
7.142505
9.400207
5.897223
6.742815
9.089946
9.576771
7.976337
6.753420
5.932204
9.224279
9.263083
5.094088
8.023311
7.632175
8.382828
5.377100
9.059840
8.516501
7.972248
8.538553
9.858905
7.119007
6.123157
5.047990
9.921619
8.237220
9.599743
8.391893
9.613806
5.628061
6.239951
6.756310
5.028267
7.137175
8.499125
9.118213
6.713945
6.475463
5.871633
7.646150
5.699741
5.134717
7.740236
8.723051
7.766891
6.123065
9.100151
6.826733
9.639566
7.072399
5.365286
9.498471
9.191405
6.488443
9.546462
9.113025
9.725663
9.146205
7.504917
9.339468
9.774265
8.744869
6.095779
9.802533
5.882044
9.594904
8.920746
7.595988
6.070367
9.792379
5.242138
6.770109
9.927095
7.982374
5.493160
7.693987
9.105440
9.593311
9.520720
8.745007
6.665710
9.886006
8.243478
5.857115
6.374450
7.789940
9.970140
6.100113
6.936144
7.475058
5.439581
6.710410
6.219926
6.535360
6.512942
7.101970
6.130264
5.433689
9.697960
7.200632
5.226068
9.940098
8.970740
5.153162
7.922472
9.463901
7.847149
7.027912
9.057213
7.367869
5.772918
5.722923
7.253875
9.016396
6.580038
8.628325
6.806335
6.550178
9.728437
8.742480
9.025235
5.168018
5.452890
5.245162
6.703379
6.965833
7.347133
7.833643
7.399521
7.045092
5.034275
7.625588
6.985188
9.005014
7.778750
9.907661
8.468916
5.625900
6.935573
7.526129
7.993770
7.708490
8.249052
5.247645
6.724887
9.829090
8.875970
8.531222
6.379268
8.604407
7.273702
5.404503
8.772426
7.726592
5.649666
5.475803
9.692425
7.996798
8.309446
7.091946
5.041890
8.343721
9.717534
7.027079
7.348737
7.496285
6.934739
5.817652
8.122186
8.870312
8.343781
6.115955
6.578803
6.592833
6.363599
8.303689
6.421923
5.239569
6.834912
7.801190
8.843976
9.108614
8.205692
7.616401
6.835206
8.855358
8.092205
6.527631
6.852156
6.401651
8.619576
6.894046
9.745373
8.337111
8.921125
7.094109
5.833396
5.855865
7.911762
8.955582
9.726176
6.255543
5.071536
6.304979
7.848375
6.435136
9.608669
9.270298
6.674705
6.443581
7.071488
5.518681
5.552195
5.277181
8.135081
7.387401
9.132539
6.227287
8.915031
5.984695
7.628939
7.534608
7.878742
7.374311
5.871718
6.799866
9.468421
6.705115
7.655730
7.380182
5.660696
7.381907
8.635725
5.732232
8.686887
6.484101
7.167367
8.295555
5.754399
8.842072
9.739136
7.825887
9.360753
5.291331
8.103067
7.495834
7.678732
7.235607
8.723122
6.593762
8.220303
6.352060
9.128370
6.099044
8.726372
5.000090
7.898910
8.194792
6.705204
5.554641
5.574975
7.365900
7.936548
9.210700
8.098131
6.623435
5.694800
5.265499
9.918990
6.449199
9.107571
9.658126
9.275085
8.468324
9.949456
7.378154
5.964158
7.628188
9.613761
9.687280
9.221951
7.834064
6.039339
8.350321
8.933107
9.765710
8.350410
6.832018
7.960502
5.055614
7.386660
8.535477
7.421515
5.323207
7.746176
5.519646
6.946641
8.440976
5.785145
6.865631
9.890175
9.892715
6.523757
9.165260
8.361039
6.473213
6.543415
9.325197
9.101401
6.157175
9.012477
8.323353
8.991239
5.051816
6.673674
7.924346
9.817526
5.024084
9.756365
7.778028
5.079699
7.143024
6.313505
7.501212
7.466231
9.059681
8.020859
9.412871
7.500657
8.806004
6.278503
7.390832
8.698719
7.802260
6.556093
7.059758
9.275474
8.099507
6.384955
8.376874
9.256682
5.397432
6.700226
8.247921
5.449248
8.373899
6.172267
5.266774
8.397984
5.928632
8.044803
8.477682
8.071656
9.358307
5.978895
5.537887
8.417988
8.999753
9.950759
5.918645
7.805757
6.229262
8.309478
6.504475
9.031522
9.865570
8.564234
8.306994
7.965077
9.949189
6.683869
7.221760
5.346622
8.384095
5.469680
5.795869
6.757995
6.641948
6.062644
5.155979
7.570580
9.107446
8.633661
5.642236
8.465754
9.612556
6.180123
6.883741
8.612309
6.130882
7.802386
6.418065
7.360144
6.111864
7.922540
6.391665
5.977435
6.486773
9.698660
8.942513
6.435963
6.382529
6.164272
6.782584
9.766624
6.633952
7.578453
6.524620
8.275901
8.641096
6.680598
5.846480
7.748543
5.314260
6.488717
6.214296
9.926815
7.668839
8.098038
8.539124
8.799721
5.900425
9.957189
6.159864
7.012289
7.879729
7.551530
7.989722
9.366503
7.250190
6.932235
5.802465
8.632719
8.096506
7.585049
8.399343
9.730459
5.163503
9.923964
8.006359
8.804599
6.604562
8.852839
6.553142
6.918821
5.341556
7.767438
6.845636
8.010395
5.865476
5.384760
6.810117
6.765901
5.341949
7.969981
8.778190
8.221678
5.521512
6.767912
7.588181
7.771701
8.700147
8.390646
6.404420
6.796653
5.975695
9.803763
6.527112
6.139198
9.727727
9.533471
9.943798
6.332288
8.386311
6.496940
8.251109
8.727866
9.264378
5.096745
6.738262
5.129854
5.481506
8.548378
6.895754
5.823455
6.518359
5.673944
9.045133
7.039871
7.441855
6.633313
9.811572
6.142002
5.023960
6.215992
7.938656
5.999655
6.019755
9.465767
7.138853
5.747483
8.999239
7.082650
7.079771
7.385550
8.579589
5.330881
6.113416
7.843967
5.427627
7.851678
7.973821
5.909132
6.400056
9.869576
6.732587
7.918416
5.543519
5.777719
9.958286
7.985375
7.411033
9.769858
9.127378
7.434993
5.985851
7.066033
8.434648
7.005607
6.531801
5.573501
7.753089
5.531039
7.656151
9.832860
7.916589
6.235740
5.163741
9.030005
9.079707
5.591368
6.881682
7.053528
6.500499
8.281738
6.923104
8.233086
6.200154
7.466623
9.010806
6.158440
5.451998
6.421839
5.928299
9.579376
8.856832
6.914149
6.645409
7.291479
8.919756
8.177209
7.864980
6.672845
8.708248
5.521130
6.505705
6.624837
6.756869
6.669446
5.654841
5.836577
7.260814
7.536523
7.890105
8.761312
5.818262
9.813210
6.994400
7.018415
7.279833
6.005205
8.176855
7.731831
7.427044
9.105154
7.311206
6.283875
6.019304
8.956615
8.575354
9.939059
7.133824
6.440333
6.611905
5.842073
6.961462
8.117610
7.466909
8.718332
9.787056
8.121750
9.554910
7.047870
5.658273
7.445015
5.809184
6.476535
7.258225
7.803583
8.494950
9.538058
8.808788
6.671805
7.269888
6.235832
5.776959
9.581095
7.519707
6.796264
8.537711
6.095061
6.735322
5.671535
7.535393
8.347227
6.513608
9.496856
6.464837
8.980516
8.215188
6.251894
7.102267
7.770099
8.299765
7.760540
5.215113
9.108948
9.237075
7.473338
6.912531
7.732025
7.011395
5.721319
9.403831
9.281284
6.957151
5.180790
8.862380
9.476858
6.977053
7.400091
5.571919
8.712376
8.071625
8.107313
7.059603
9.585233
7.604169
8.524441
8.565750
5.819358
9.776334
5.668017
8.589456
8.076097
8.428557
8.804568
7.185046
7.665633
6.277907
9.097577
5.397657
8.289303
9.818896
9.801488
7.570587
6.776048
9.982277
6.432967
6.252906
6.959330
8.833057
6.824825
5.671705
6.904683
9.932138
7.731308
6.489916
7.536307
6.255748
5.055666
8.355664
6.032082
5.723684
6.945120
9.108180
9.152242
5.749689
6.293226
6.817874
7.027596
5.390804
7.215531
5.316898
5.209701
7.017019
7.887485
6.985748
6.999296
9.320453
8.238654
8.958626
8.153510
5.063479
9.630331
5.058194
9.995618
7.361639
6.548110
7.531925
8.617387
6.603777
5.887590
9.649469
7.327461
7.832710
8.757649
6.479702
8.582399
5.050877
8.297576
5.609994
5.441680
5.513108
5.926892
5.651381
7.530127
8.814378
7.637129
9.529423
8.134830
5.875783
8.488049
6.288342
5.939262
8.118381
6.346535
5.934881
5.480020
7.894645
8.466806
9.097406
9.498423
9.354397
8.746876
6.825883
7.187107
7.504526
8.305586
5.769506
7.555403
6.603162
6.379499
7.997083
7.116270
7.306392
8.648463
9.646397
6.120770
6.285592
9.175819
9.255600
7.161374
7.663868
5.543941
8.100637
5.782248
6.890476
9.035519
6.262267
9.785122
7.502324
5.359674
9.283544
6.856720
9.106549
6.109427
9.043827
6.611075
9.415012
9.813333
9.166478
6.018174
6.192832
7.163560
8.134443
8.499224
5.812023
7.780840
9.619993
7.097615
6.956659
8.875593
9.258989
9.620527
9.419535
7.359626
5.402775
6.310011
6.395144
6.665043
6.095133
8.897468
7.024716
5.378676
5.754189
6.131267
6.488104
9.798016
7.742342
5.903116
9.611348
6.908820
6.921291
5.804179
9.072379
5.055735
9.303403
9.884403
7.836575
8.923396
6.982018
9.793234
7.798989
6.241007
9.413761
7.218524
8.600634
9.816537
8.528536
9.995776
6.481580
9.623668
8.893244
8.506296
5.002344
9.647432
9.637562
6.490448
9.445448
7.379904
7.393564
9.056796
9.288723
9.314856
9.860974
8.361103
9.370589
9.164377
8.245506
7.207165
8.087773
5.227523
7.000399
5.886763
6.468530
6.414160
8.105288
5.069163
6.230697
6.633822
5.064939
7.712276
6.257490
8.958183
6.218572
6.259834
8.605617
5.856135
7.750282
8.051065
8.236038
5.143847
7.107861
7.524762
9.458701
6.968836
5.885865
8.829290
6.133213
9.131371
6.036456
9.220986
9.358894
8.036854
5.107749
5.827425
9.451015
8.213036
5.896587
5.681711
9.846859
5.961527
8.393988
6.104349
9.919710
9.612560
7.364183
8.525328
5.468695
5.114465
6.576392
8.704734
5.258311
8.684253
6.229496
9.717012
5.653088
7.115360
8.546304
6.786301
6.246731
9.582759
6.007287
5.605626
7.619612
6.115036
6.433050
7.070627
9.328073
7.329638
7.752338
9.174931
8.291164
6.146327
5.279280
8.210875
5.758887
7.643464
6.736202
6.227582
7.757928
8.312593
9.932316
8.016239
6.996846
6.161811
7.733252
7.649934
8.277172
6.279554
9.436234
9.523903
5.862313
5.443521
5.129529
8.481926
6.558558
6.562579
5.552553
5.886630
8.892217
8.304892
5.061562
7.183381
9.451218
5.340841
5.394256
5.210104
7.984305
7.130457
6.437687
5.742233
5.443051
6.370002
8.758472
7.439898
7.531814
6.491724
5.089831
5.808985
7.771278
9.526066
5.332888
8.633592
9.969587
5.462417
7.115518
6.528145
7.024996
7.668071
7.414775
5.917213
5.972962
7.476336
8.100595
5.424180
7.817178
8.494849
5.634284
5.801483
5.625307
7.071971
6.543716
6.068358
8.441974
5.302188
8.508255
5.973786
6.793912
8.598087
6.782771
9.565190
8.124153
7.115659
8.198782
8.093740
7.578076
5.314300
9.621885
9.603072
7.982370
7.036660
5.520286
8.955332
9.512997
8.620880
9.379512
7.330175
7.115729
5.013797
