9.999756
9.999662
9.999657
9.999165
9.997553
9.995898
9.995776
9.995618
9.994953
9.994402
9.994126
9.993094
9.992983
9.992475
9.991645
9.991584
9.991335
9.990499
9.990386
9.989911
9.989244
9.988536
9.988320
9.987919
9.987247
9.986903
9.986844
9.986825
9.985846
9.985705
9.985156
9.984118
9.983555
9.982527
9.982447
9.982397
9.982277
9.981202
9.980581
9.980245
9.978805
9.976360
9.975282
9.974450
9.974434
9.973988
9.973912
9.973053
9.972542
9.972210
9.971561
9.970772
9.970406
9.970140
9.970093
9.969952
9.969629
9.969587
9.969410
9.969410
9.968792
9.968212
9.967848
9.967551
9.965635
9.964654
9.964624
9.964524
9.963942
9.963940
9.963564
9.962878
9.962708
9.962322
9.962322
9.961908
9.961734
9.961258
9.961203
9.960490
9.959854
9.959289
9.958403
9.958286
9.957603
9.957484
9.957189
9.956976
9.956300
9.954809
9.953574
9.951632
9.950766
9.950759
9.950614
9.949456
9.949298
9.949189
9.949107
9.948710
9.948580
9.947720
9.947413
9.947200
9.946823
9.946376
9.946242
9.945934
9.945523
9.945098
9.944559
9.944164
9.944010
9.943862
9.943798
9.943604
9.943592
9.943291
9.942240
9.942156
9.941912
9.940391
9.940333
9.940155
9.940098
9.939456
9.939325
9.939059
9.938782
9.938141
9.937991
9.935366
9.934305
9.934020
9.932993
9.932877
9.932316
9.932138
9.931521
9.931151
9.929996
9.929268
9.929230
9.929089
9.928248
9.927095
9.926954
9.926815
9.926748
9.926368
9.926333
9.925814
9.925727
9.925680
9.924737
9.924189
9.923964
9.923767
9.921909
9.921619
9.920066
9.919975
9.919768
9.919710
9.919019
9.918990
9.917620
9.916758
9.916639
9.915886
9.915685
9.915398
9.914845
9.913469
9.913377
9.913176
9.913155
9.913065
9.912689
9.912196
9.911411
9.911379
9.910004
9.909800
9.909712
9.908661
9.908567
9.907661
9.907566
9.907164
9.907043
9.907006
9.906667
9.906494
9.906214
9.905182
9.905091
9.905056
9.905005
9.904441
9.904416
9.903891
9.903443
9.902297
9.902032
9.901390
9.901161
9.900826
9.899881
9.896178
9.895419
9.895313
9.894324
9.893194
9.892988
9.892730
9.892715
9.891329
9.891054
9.890175
9.889712
9.888788
9.888762
9.888605
9.888386
9.887566
9.886969
9.886930
9.886060
9.886042
9.886006
9.885033
9.884794
9.884422
9.884403
9.883974
9.883818
9.883412
9.883346
9.883155
9.883020
9.882840
9.882779
9.881636
9.881543
9.879860
9.879855
9.879562
9.878595
9.877977
9.877694
9.876596
9.876523
9.875812
9.875454
9.873954
9.873844
9.872662
9.871135
9.870912
9.870830
9.870051
9.869576
9.869089
9.867478
9.865788
9.865686
9.865570
9.865124
9.864669
9.864034
9.863874
9.863786
9.863117
9.863049
9.862886
9.862025
9.861931
9.860974
9.860300
9.860191
9.859038
9.858905
9.858850
9.858548
9.856061
9.855989
9.855974
9.855703
9.854394
9.854316
9.854175
9.852849
9.852711
9.851582
9.851552
9.849924
9.849389
9.848999
9.846859
9.846725
9.846696
9.846605
9.846189
9.846072
9.845733
9.844734
9.844334
9.844131
9.843872
9.843772
9.842867
9.842787
9.841161
9.840705
9.840168
9.840128
9.839144
9.837531
9.837406
9.835894
9.835786
9.835625
9.835365
9.834288
9.834214
9.834064
9.834055
9.834017
9.832860
9.832605
9.832205
9.832087
9.831659
9.831132
9.830624
9.830585
9.830014
9.829090
9.828611
9.828498
9.828463
9.828015
9.827479
9.827376
9.827243
9.827175
9.826689
9.823435
9.823389
9.822577
9.820969
9.820927
9.820295
9.818896
9.818849
9.818003
9.817526
9.817188
9.817109
9.816537
9.814859
9.814673
9.813772
9.813333
9.813210
9.812946
9.812649
9.811639
9.811572
9.811196
9.811011
9.810898
9.810848
9.809835
9.809713
9.808397
9.808269
9.807932
9.807920
9.807490
9.807221
9.806887
9.806108
9.804694
9.803763
9.803649
9.802533
9.802473
9.801488
9.801227
9.800058
9.799828
9.799698
9.799593
9.799509
9.798623
9.798493
9.798472
9.798151
9.798016
9.797434
9.796041
9.795856
9.795425
9.794888
9.794235
9.793548
9.793234
9.792501
9.792379
9.791745
9.791718
9.791302
9.791142
9.790555
9.789223
9.788803
9.788708
9.787886
9.787352
9.787056
9.786255
9.785122
9.784481
9.783806
9.783396
9.782800
9.782677
9.782358
9.781425
9.780469
9.780341
9.780196
9.780093
9.779631
9.779497
9.777576
9.776709
9.776334
9.776135
9.775829
9.774533
9.774460
9.774265
9.772938
9.772727
9.771261
9.771175
9.770640
9.769858
9.769451
9.769250
9.768831
9.768830
9.768656
9.768250
9.767238
9.766624
9.766131
9.765935
9.765710
9.763869
9.763013
9.761585
9.761013
9.760471
9.758818
9.758451
9.758076
9.757992
9.757204
9.756365
9.756099
9.755104
9.754078
9.753574
9.753451
9.753086
9.752920
9.752079
9.752055
9.751753
9.750948
9.750902
9.750638
9.750484
9.750265
9.750198
9.749927
9.749650
9.748773
9.748089
9.747548
9.746930
9.746439
9.746353
9.745373
9.745090
9.744843
9.744705
9.744111
9.743885
9.741839
9.741579
9.741316
9.740477
9.739136
9.738817
9.737780
9.737598
9.737025
9.736922
9.733981
9.733932
9.733755
9.733105
9.733065
9.733058
9.733049
9.733026
9.732976
9.732882
9.732582
9.732439
9.732138
9.730997
9.730760
9.730690
9.730459
9.730054
9.729838
9.728818
9.728451
9.728437
9.727727
9.727615
9.727579
9.727201
9.727153
9.726991
9.726176
9.725711
9.725663
9.724821
9.724318
9.723087
9.723062
9.722263
9.721558
9.721488
9.721300
9.721250
9.721022
9.720963
9.720739
9.720169
9.718130
9.717534
9.717466
9.717426
9.717387
9.717012
9.716669
9.716514
9.714875
9.713244
9.712753
9.711799
9.711697
9.711064
9.710874
9.710593
9.709773
9.707341
9.707078
9.706669
9.705036
9.705030
9.704405
9.704324
9.703861
9.703370
9.702219
9.701460
9.699455
9.699305
9.699021
9.698868
9.698660
9.697960
9.697940
9.697758
9.697701
9.697649
9.697560
9.696978
9.696483
9.696203
9.695283
9.694111
9.693956
9.693295
9.692425
9.691402
9.691256
9.691107
9.690827
9.690203
9.690031
9.689933
9.689740
9.689091
9.688967
9.687987
9.687280
9.686847
9.686846
9.684877
9.684428
9.682871
9.682706
9.681911
9.681761
9.680199
9.679851
9.679431
9.678839
9.676118
9.675889
9.675611
9.675378
9.674871
9.674760
9.674351
9.674167
9.672195
9.671869
9.671371
9.670467
9.670191
9.670124
9.669867
9.669776
9.669596
9.669302
9.669219
9.669193
9.668507
9.668434
9.668260
9.668155
9.667030
9.666615
9.666256
9.664041
9.663229
9.662952
9.662819
9.662495
9.662304
9.662175
9.661997
9.661631
9.660815
9.660496
9.659689
9.659426
9.658126
9.657928
9.657660
9.657422
9.657027
9.655338
9.655273
9.654415
9.653761
9.652747
9.651683
9.651681
9.651120
9.650823
9.650014
9.649905
9.649487
9.649469
9.649313
9.648912
9.648303
9.647432
9.647120
9.647104
9.646827
9.646536
9.646397
9.645302
9.644644
9.644423
9.644100
9.644025
9.643866
9.643457
9.642619
9.642458
9.642383
9.642110
9.642022
9.641365
9.641198
9.641103
9.640587
9.639802
9.639566
9.639281
9.638616
9.637562
9.637316
9.636446
9.636355
9.634165
9.633903
9.631933
9.630460
9.630363
9.630331
9.630001
9.629601
9.629423
9.629141
9.628895
9.627704
9.626924
9.625757
9.625025
9.624737
9.624569
9.624255
9.623979
9.623680
9.623668
9.623651
9.623374
9.622997
9.622744
9.622679
9.622196
9.621885
9.621450
9.621395
9.621346
9.620977
9.620527
9.620329
9.619993
9.619755
9.619712
9.619166
9.618220
9.618185
9.617493
9.617121
9.615073
9.614417
9.613806
9.613761
9.613433
9.612854
9.612755
9.612753
9.612560
9.612556
9.612545
9.612494
9.612148
9.611704
9.611481
9.611348
9.610712
9.610614
9.610191
9.610095
9.609610
9.609450
9.608938
9.608669
9.608107
9.607948
9.607937
9.607334
9.606682
9.606666
9.606146
9.605392
9.603881
9.603380
9.603072
9.602265
9.602241
9.602203
9.601420
9.600955
9.600309
9.599970
9.599743
9.599703
9.599163
9.598848
9.598537
9.594904
9.594887
9.594139
9.593497
9.593311
9.592217
9.590928
9.590781
9.590777
9.590609
9.589934
9.589805
9.589625
9.589346
9.589005
9.588656
9.588583
9.588256
9.587734
9.586561
9.585986
9.585529
9.585238
9.585233
9.584953
9.584308
9.583081
9.582760
9.582759
9.581662
9.581244
9.581095
9.580931
9.580086
9.579376
9.578947
9.578887
9.578665
9.577614
9.576925
9.576818
9.576771
9.576312
9.575435
9.574779
9.572023
9.571299
9.571165
9.569727
9.569291
9.569121
9.566288
9.565981
9.565752
9.565685
9.565285
9.565190
9.564138
9.563670
9.562959
9.562634
9.562301
9.561928
9.560061
9.559813
9.558310
9.557199
9.555374
9.554910
9.553793
9.552354
9.551753
9.551030
9.550724
9.550191
9.549675
9.549590
9.549285
9.548455
9.548324
9.547958
9.547422
9.547123
9.546480
9.546462
9.545506
9.545468
9.545021
9.544744
9.542890
9.542645
9.542409
9.541431
9.540884
9.540576
9.539507
9.539246
9.539208
9.538078
9.538058
9.537972
9.537580
9.537201
9.537117
9.536992
9.536500
9.536371
9.536161
9.535749
9.535590
9.534590
9.534446
9.534434
9.534139
9.533606
9.533471
9.533154
9.532864
9.531996
9.531698
9.531511
9.530264
9.530196
9.529459
9.529423
9.528513
9.528038
9.527725
9.527553
9.527258
9.526877
9.526829
9.526066
9.523903
9.523568
9.522763
9.522696
9.522671
9.522366
9.520720
9.520689
9.520570
9.519213
9.518992
9.518859
9.518620
9.518584
9.516849
9.515377
9.515202
9.515071
9.514665
9.514059
9.513988
9.512997
9.512702
9.512390
9.512357
9.511576
9.511041
9.509651
9.507042
9.506866
9.506293
9.505142
9.504793
9.504752
9.504374
9.504169
9.503874
9.503561
9.502515
9.502502
9.501358
9.501204
9.500912
9.500630
9.500465
9.499680
9.499591
9.498569
9.498471
9.498459
9.498423
9.497085
9.496885
9.496856
9.496134
9.494678
9.494553
9.493633
9.493519
9.492601
9.492473
9.490181
9.490124
9.488826
9.487529
9.486972
9.485615
9.485055
9.484159
9.483423
9.483380
9.482958
9.481644
9.481063
9.480890
9.478847
9.478713
9.477891
9.477674
9.477569
9.477478
9.477401
9.476858
9.476274
9.475268
9.474835
9.474575
9.473955
9.473494
9.470988
9.470691
9.469724
9.469008
9.468550
9.468421
9.468272
9.467903
9.466411
9.465932
9.465767
9.465181
9.464470
9.464168
9.464098
9.463901
9.463638
9.463271
9.463116
9.462954
9.462571
9.461906
9.460558
9.460075
9.459510
9.458701
9.457601
9.457091
9.457069
9.456326
9.456230
9.455418
9.455202
9.454856
9.454130
9.453861
9.453157
9.452968
9.452838
9.451886
9.451370
9.451218
9.451015
9.450349
9.450272
9.448288
9.446476
9.445805
9.445448
9.445132
9.444496
9.443800
9.442883
9.442831
9.442723
9.441594
9.441304
9.441181
9.440919
9.440388
9.440203
9.439611
9.439282
9.438744
9.437207
9.436646
9.436607
9.436530
9.436510
9.436377
9.436234
9.435938
9.435770
9.435071
9.433212
9.432895
9.432631
9.430279
9.429837
9.429365
9.428923
9.428036
9.427804
9.427469
9.426151
9.425404
9.424781
9.424211
9.423867
9.423235
9.422529
9.421700
9.421541
9.421046
9.421015
9.420585
9.420257
9.419846
9.419535
9.419126
9.418250
9.417535
9.417390
9.416994
9.416801
9.416342
9.415931
9.415785
9.415676
9.415012
9.414511
9.413761
9.413648
9.412871
9.412274
9.411946
9.411906
9.411174
9.411074
9.409762
9.409419
9.408661
9.408021
9.407982
9.407595
9.407421
9.406486
9.405943
9.405861
9.405552
9.405118
9.405109
9.405081
9.404949
9.404770
9.404346
9.404116
9.403886
9.403831
9.403301
9.403190
9.402638
9.402378
9.402332
9.402213
9.402102
9.401985
9.401837
9.401418
9.400377
9.400207
9.399997
9.399851
9.399290
9.398736
9.398667
9.398226
9.396175
9.394326
9.393224
9.392286
9.392013
9.392000
9.391994
9.391427
9.391235
9.390631
9.390529
9.390017
9.389382
9.388810
9.388355
9.388054
9.387519
9.385329
9.385173
9.384020
9.382956
9.382400
9.381252
9.381086
9.381042
9.380959
9.379568
9.379512
9.379125
9.379101
9.378857
9.378334
9.378094
9.377784
9.377326
9.373789
9.373686
9.373556
9.370589
9.368773
9.367460
9.367420
9.366953
9.366503
9.366068
9.366009
9.365709
9.365240
9.365164
9.364716
9.364567
9.364477
9.363798
9.363160
9.363104
9.362803
9.362668
9.362619
9.361359
9.360753
9.360000
9.359784
9.359655
9.358895
9.358894
9.358849
9.358694
9.358343
9.358307
9.357616
9.356905
9.356766
9.356765
9.356092
9.355592
9.355044
9.354822
9.354778
9.354397
9.354219
9.353960
9.353298
9.348506
9.348449
9.346786
9.345870
9.345661
9.345626
9.345422
9.345418
9.345358
9.345194
9.344649
9.344119
9.343798
9.343165
9.342443
9.341796
9.340740
9.339663
9.339468
9.338383
9.336987
9.336407
9.335571
9.335472
9.335460
9.335425
9.334426
9.333828
9.331702
9.329880
9.329021
9.328507
9.328487
9.328073
9.328043
9.327929
9.327830
9.326880
9.326454
9.326229
9.325784
9.325200
9.325197
9.324739
9.323866
9.323773
9.323586
9.322821
9.322810
9.322702
9.322701
9.322632
9.321091
9.320727
9.320453
9.319872
9.319586
9.319157
9.318449
9.317957
9.317643
9.316992
9.316772
9.316410
9.316331
9.315849
9.315838
9.315388
9.315244
9.315185
9.315088
9.314856
9.314800
9.314171
9.313186
9.312724
9.312567
9.311527
9.310622
9.309095
9.309021
9.308891
9.308285
9.307936
9.305710
9.305216
9.305183
9.305070
9.304621
9.304334
9.304264
9.303910
9.303886
9.303857
9.303403
9.302799
9.302415
9.302042
9.301422
9.299874
9.299448
9.299231
9.296378
9.296175
9.295197
9.295089
9.294924
9.294862
9.293580
9.293174
9.292899
9.292668
9.292629
9.291917
9.291534
9.290842
9.290537
9.288723
9.288559
9.287926
9.287574
9.286225
9.286160
9.286057
9.286052
9.285944
9.284879
9.284544
9.283544
9.283017
9.281966
9.281956
9.281703
9.281490
9.281437
9.281284
9.280812
9.280704
9.280597
9.280502
9.280295
9.280261
9.279341
9.279242
9.278879
9.277839
9.276869
9.276821
9.275474
9.275200
9.275085
9.273910
9.272562
9.271889
9.271637
9.271345
9.270298
9.270202
9.270193
9.269961
9.268192
9.268168
9.265873
9.265291
9.264454
9.264378
9.264227
9.264205
9.264187
9.264117
9.263525
9.263083
9.262921
9.262761
9.262524
9.261715
9.261652
9.261463
9.260895
9.260081
9.259473
9.259334
9.258989
9.256787
9.256682
9.256306
9.255600
9.255018
9.254303
9.253881
9.252419
9.250547
9.250528
9.249691
9.248177
9.248144
9.247962
9.244207
9.244094
9.243931
9.243704
9.243103
9.241041
9.240715
9.240339
9.240273
9.239006
9.238970
9.238877
9.237075
9.236488
9.236086
9.235897
9.234525
9.234444
9.232855
9.232298
9.231877
9.231169
9.230803
9.230243
9.229133
9.226105
9.225224
9.224869
9.224279
9.223085
9.221951
9.221815
9.221278
9.220986
9.219639
9.218451
9.218176
9.217731
9.217497
9.217333
9.217292
9.216864
9.216214
9.215801
9.215446
9.215385
9.214641
9.214206
9.213490
9.213271
9.212547
9.211999
9.210700
9.209667
9.209350
9.208908
9.207251
9.207099
9.207012
9.205677
9.205124
9.204868
9.204697
9.204447
9.203339
9.202564
9.202327
9.201112
9.200027
9.199924
9.198930
9.198084
9.197132
9.196167
9.193868
9.192766
9.192254
9.192070
9.191405
9.190069
9.189964
9.189734
9.189728
9.189356
9.189267
9.189142
9.188918
9.188677
9.188670
9.187641
9.186062
9.185199
9.185059
9.182403
9.181961
9.181421
9.180853
9.179038
9.178592
9.177322
9.177082
9.177067
9.176351
9.176206
9.175819
9.175147
9.175053
9.174931
9.174799
9.173082
9.172912
9.172506
9.171399
9.170610
9.168665
9.168620
9.168190
9.168085
9.167968
9.166881
9.166478
9.166331
9.165921
9.165260
9.164986
9.164911
9.164377
9.164005
9.163757
9.163393
9.163258
9.163187
9.163150
9.161883
9.160989
9.160318
9.160193
9.158840
9.158064
9.158051
9.156007
9.155467
9.155457
9.155125
9.155119
9.154476
9.154251
9.153648
9.153537
9.153386
9.152242
9.151855
9.151121
9.150594
9.150517
9.149143
9.148856
9.148272
9.146894
9.146759
9.146309
9.146205
9.145803
9.145251
9.144419
9.143780
9.142107
9.141451
9.141260
9.141140
9.141116
9.140926
9.140782
9.140744
9.140712
9.140228
9.139975
9.139408
9.138680
9.137644
9.134664
9.134304
9.134045
9.133493
9.132539
9.131371
9.130199
9.128548
9.128370
9.128219
9.127651
9.127523
9.127378
9.127251
9.126858
9.126593
9.126326
9.125126
9.124657
9.123584
9.123335
9.123272
9.122868
9.122225
9.122110
9.120599
9.119349
9.119283
9.119178
9.118928
9.118834
9.118330
9.118213
9.117290
9.116891
9.116045
9.115995
9.115404
9.114922
9.114090
9.113578
9.113025
9.111923
9.111644
9.110074
9.109574
9.109240
9.109133
9.109071
9.108948
9.108614
9.108180
9.107571
9.107464
9.107446
9.107208
9.106549
9.106028
9.105440
9.105154
9.105076
9.104454
9.103891
9.102087
9.101955
9.101628
9.101401
9.100968
9.100274
9.100151
9.098494
9.098250
9.097577
9.097406
9.096369
9.096006
9.095676
9.095668
9.095505
9.095345
9.094001
9.093248
9.093036
9.093000
9.092392
9.092384
9.092273
9.091585
9.091393
9.090767
9.090600
9.090352
9.089983
9.089946
9.089293
9.089096
9.088267
9.087984
9.083254
9.083034
9.082997
9.082335
9.082018
9.080812
9.080797
9.080585
9.080379
9.079707
9.079113
9.078987
9.077540
9.077116
9.076607
9.076572
9.075828
9.075380
9.074800
9.072859
9.072727
9.072438
9.072379
9.071611
9.071217
9.069928
9.068773
9.068277
9.067983
9.066000
9.065268
9.064635
9.062946
9.061946
9.061549
9.061093
9.061068
9.060991
9.060779
9.060281
9.060233
9.059840
9.059681
9.059285
9.058216
9.057951
9.057889
9.057213
9.057203
9.057144
9.056796
9.056731
9.056516
9.055983
9.054720
9.054525
9.054519
9.054096
9.053506
9.053133
9.052963
9.052892
9.052449
9.050807
9.050789
9.050648
9.050186
9.050029
9.049921
9.049700
9.048734
9.047995
9.047922
9.047907
9.047032
9.046177
9.045586
9.045301
9.045133
9.044753
9.043827
9.043637
9.043578
9.043453
9.043051
9.042366
9.042223
9.040679
9.040125
9.040119
9.039839
9.037971
9.037493
9.037408
9.037319
9.037043
9.036814
9.036641
9.035877
9.035519
9.035086
9.034954
9.034019
9.033222
9.033016
9.032827
9.032674
9.031962
9.031734
9.031729
9.031525
9.031522
9.030328
9.030005
9.028849
9.028774
9.028630
9.028056
9.027674
9.027586
9.027426
9.027395
9.027225
9.027100
9.026904
9.025743
9.025235
9.025098
9.024986
9.024960
9.024343
9.024334
9.023703
9.022383
9.022302
9.022011
9.021589
9.021141
9.020555
9.020317
9.018799
9.018359
9.018257
9.017501
9.017136
9.016396
9.014284
9.012477
9.012171
9.012033
9.011279
9.011232
9.011200
9.010806
9.010765
9.010574
9.010178
9.009783
9.009388
9.008816
9.007597
9.007108
9.005953
9.005609
9.005014
9.003908
9.003805
9.003572
9.002906
9.002792
9.002299
9.001488
9.000977
9.000283
9.000221
8.999857
8.999829
8.999753
8.999239
8.998922
8.997822
8.996161
8.996136
8.993614
8.993582
8.993330
8.992496
8.992339
8.992012
8.991782
8.991239
8.990720
8.990343
8.989204
8.989062
8.988869
8.988019
8.987560
8.986710
8.985137
8.984965
8.984956
8.984841
8.984427
8.983743
8.982137
8.981785
8.981677
8.981381
8.981321
8.981067
8.980516
8.980423
8.980269
8.976557
8.976532
8.975421
8.975342
8.974837
8.974193
8.973962
8.973579
8.972920
8.972635
8.972207
8.971975
8.970740
8.969231
8.968931
8.968899
8.968874
8.968114
8.967916
8.967576
8.967108
8.966190
8.966073
8.965504
8.964071
8.963968
8.963881
8.963323
8.962679
8.962141
8.961398
8.960573
8.960066
8.959833
8.959291
8.958963
8.958626
8.958427
8.958410
8.958235
8.958201
8.958183
8.958087
8.957860
8.957071
8.956636
8.956615
8.956614
8.956427
8.955664
8.955582
8.955332
8.954687
8.952681
8.952222
8.950691
8.950318
8.950165
8.949858
8.948051
8.948019
8.947453
8.947409
8.947278
8.946280
8.946191
8.946190
8.946138
8.945879
8.945295
8.944995
8.944303
8.942667
8.942513
8.941681
8.940877
8.940716
8.940310
8.940205
8.940140
8.940116
8.939344
8.939178
8.939117
8.938657
8.937841
8.937569
8.937038
8.936960
8.936317
8.935699
8.935352
8.934559
8.934391
8.933224
8.933107
8.933000
8.930026
8.929941
8.929430
8.929354
8.929223
8.928619
8.928174
8.927555
8.927534
8.927410
8.927094
8.927084
8.926797
8.926409
8.925709
8.925353
8.924425
8.924210
8.923872
8.923396
8.923114
8.922835
8.922523
8.922105
8.921266
8.921253
8.921125
8.920969
8.920845
8.920746
8.919756
8.919397
8.918658
8.918401
8.916886
8.916778
8.915470
8.915187
8.915031
8.914670
8.913397
8.912972
8.912769
8.912624
8.912153
8.911704
8.909513
8.909135
8.907627
8.907327
8.906955
8.906826
8.904690
8.904477
8.904040
8.903996
8.903155
8.902916
8.902615
8.902483
8.902418
8.897516
8.897468
8.897151
8.896866
8.895923
8.893752
8.893244
8.892853
8.892217
8.891607
8.890363
8.890341
8.889989
8.889827
8.888796
8.888679
8.888226
8.887880
8.887539
8.887317
8.884601
8.883449
8.882927
8.882502
8.881907
8.881561
8.880773
8.878970
8.877565
8.876992
8.876255
8.875970
8.875593
8.875315
8.874020
8.871901
8.871442
8.870787
8.870367
8.870312
8.869232
8.868835
8.867892
8.867558
8.867521
8.867020
8.866376
8.866368
8.866114
8.866041
8.864750
8.864487
8.864122
8.863903
8.863419
8.862976
8.862897
8.862687
8.862380
8.862004
8.860835
8.860474
8.859035
8.857845
8.857300
8.856832
8.855483
8.855358
8.853903
8.853526
8.853345
8.852839
8.852302
8.851651
8.851314
8.850807
8.849935
8.849593
8.849292
8.849162
8.847860
8.847763
8.847741
8.847725
8.846682
8.846121
8.846046
8.845470
8.844158
8.843976
8.843708
8.842216
8.842072
8.841914
8.841821
8.841615
8.840140
8.839832
8.839296
8.838400
8.838302
8.837587
8.835941
8.835087
8.834391
8.833057
8.832666
8.832553
8.832199
8.832041
8.831757
8.831213
8.830859
8.830368
8.830060
8.829290
8.828095
8.826033
8.825907
8.825541
8.825351
8.825300
8.824576
8.823954
8.823413
8.823000
8.822974
8.822211
8.822130
8.821288
8.820929
8.820360
8.820144
8.820077
8.819794
8.818813
8.818246
8.815698
8.815350
8.815235
8.815063
8.814823
8.814378
8.814062
8.813729
8.811550
8.810427
8.810369
8.809231
8.809114
8.808788
8.807240
8.806568
8.806429
8.806004
8.805984
8.805952
8.805461
8.804923
8.804599
8.804568
8.802641
8.802464
8.801636
8.801551
8.801427
8.801208
8.800979
8.800882
8.799721
8.799593
8.799572
8.799032
8.798500
8.798217
8.797826
8.796652
8.796512
8.796456
8.795933
8.795025
8.794536
8.794349
8.794252
8.794201
8.793740
8.793574
8.792809
8.792526
8.791906
8.791874
8.791703
8.791680
8.791563
8.791486
8.790568
8.790485
8.789955
8.789342
8.789077
8.788614
8.788363
8.787920
8.787341
8.786174
8.785783
8.785382
8.785055
8.784675
8.783922
8.783415
8.783195
8.782813
8.782419
8.781723
8.781119
8.780614
8.780125
8.779830
8.779771
8.779692
8.779622
8.778696
8.778549
8.778190
8.777847
8.777391
8.777380
8.777086
8.776949
8.775970
8.775648
8.774966
8.774725
8.774668
8.774299
8.773893
8.773326
8.772426
8.772284
8.771533
8.770728
8.770527
8.770061
8.767628
8.767040
8.766347
8.765896
8.764974
8.764032
8.762387
8.762168
8.761906
8.761312
8.759697
8.759532
8.759474
8.758633
8.758472
8.758154
8.757649
8.757275
8.756932
8.756694
8.756058
8.755681
8.755541
8.755267
8.755011
8.754231
8.754183
8.753518
8.752655
8.752316
8.751674
8.751648
8.750513
8.750216
8.749909
8.749797
8.748951
8.748770
8.748291
8.747953
8.747940
8.747711
8.746876
8.746350
8.746204
8.745365
8.745007
8.744869
8.744724
8.744460
8.744174
8.742480
8.741084
8.740290
8.740191
8.740054
8.739557
8.739044
8.738386
8.738157
8.735935
8.735269
8.734799
8.734778
8.733779
8.733283
8.733272
8.733089
8.731636
8.731374
8.731304
8.731201
8.730606
8.729712
8.727875
8.727866
8.727654
8.727559
8.726656
8.726372
8.725300
8.723711
8.723352
8.723179
8.723122
8.723051
8.722983
8.722160
8.722147
8.720810
8.720704
8.719876
8.719739
8.719411
8.718332
8.717990
8.717321
8.717184
8.716818
8.716263
8.715595
8.715059
8.715013
8.714056
8.713532
8.712727
8.712376
8.711817
8.711148
8.710787
8.710123
8.710024
8.709846
8.709842
8.709827
8.709414
8.708972
8.708301
8.708248
8.707325
8.706926
8.706269
8.705740
8.705337
8.704734
8.704719
8.703974
8.703939
8.703481
8.702718
8.702079
8.702061
8.701422
8.700147
8.700020
8.699819
8.699108
8.698940
8.698758
8.698719
8.698693
8.698382
8.697916
8.697470
8.697413
8.697034
8.696300
8.694546
8.690802
8.689934
8.689641
8.689404
8.687907
8.687454
8.687395
8.686887
8.686828
8.686735
8.686602
8.686569
8.686410
8.686315
8.686306
8.685989
8.685934
8.684253
8.683838
8.683485
8.681177
8.681026
8.680974
8.679547
8.679199
8.679027
8.678407
8.677996
8.675344
8.672439
8.672416
8.672394
8.671869
8.671855
8.671726
8.671381
8.671324
8.670331
8.668983
8.668962
8.668299
8.667584
8.667315
8.667252
8.666559
8.664517
8.662920
8.662458
8.661748
8.661479
8.661257
8.660648
8.660437
8.660235
8.660044
8.659822
8.659076
8.659044
8.658363
8.657370
8.657022
8.656073
8.655853
8.655017
8.653933
8.652149
8.651591
8.651087
8.650878
8.650591
8.650471
8.650377
8.650165
8.650147
8.648468
8.648463
8.647983
8.647917
8.647916
8.647777
8.647692
8.646959
8.646341
8.646034
8.645955
8.645632
8.645447
8.645365
8.644390
8.643772
8.643370
8.643161
8.642711
8.642471
8.641096
8.640444
8.639719
8.639607
8.638865
8.637391
8.636519
8.635725
8.635632
8.635223
8.634087
8.633832
8.633821
8.633661
8.633592
8.633362
8.633354
8.632760
8.632719
8.632009
8.631958
8.631342
8.629933
8.629127
8.628325
8.628274
8.627914
8.627865
8.627439
8.626673
8.625952
8.624958
8.624912
8.624504
8.623885
8.623777
8.623466
8.623256
8.622302
8.622269
8.621350
8.621323
8.621250
8.621072
8.620880
8.620626
8.620437
8.619576
8.618928
8.617401
8.617387
8.616944
8.614244
8.614103
8.614058
8.613841
8.613811
8.613534
8.612309
8.609028
8.608452
8.607647
8.607544
8.607346
8.605891
8.605680
8.605617
8.605602
8.604528
8.604407
8.604083
8.602757
8.602592
8.600634
8.600513
8.599771
8.598165
8.598087
8.595757
8.595592
8.595334
8.595181
8.594481
8.593819
8.592874
8.591686
8.591319
8.590270
8.590048
8.590027
8.589456
8.589018
8.588998
8.586405
8.585093
8.584981
8.584643
8.584167
8.584060
8.583383
8.583089
8.583050
8.582968
8.582526
8.582429
8.582399
8.582135
8.581150
8.580656
8.580543
8.580324
8.580216
8.580016
8.579899
8.579887
8.579589
8.579514
8.578979
8.578967
8.578187
8.576570
8.576230
8.576154
8.575947
8.575721
8.575364
8.575354
8.574715
8.574274
8.573313
8.573210
8.573085
8.572608
8.572421
8.572307
8.572222
8.572118
8.571351
8.570105
8.569882
8.568803
8.568787
8.568750
8.568615
8.568225
8.567008
8.565888
8.565750
8.565634
8.565547
8.564271
8.564234
8.564164
8.564111
8.564105
8.563812
8.563396
8.563368
8.563228
8.563057
8.561531
8.561431
8.559806
8.559437
8.558459
8.557354
8.556932
8.556442
8.556320
8.556308
8.554841
8.554757
8.553867
8.553446
8.551579
8.549856
8.548378
8.548123
8.547668
8.547033
8.547018
8.546904
8.546304
8.546045
8.545935
8.544698
8.543282
8.542823
8.542818
8.542526
8.542390
8.541471
8.541308
8.541219
8.541186
8.541119
8.541026
8.539996
8.539124
8.538553
8.537994
8.537711
8.537469
8.537160
8.537024
8.537007
8.536547
8.536255
8.535923
8.535477
8.535214
8.535129
8.535015
8.534821
8.534595
8.534409
8.534391
8.533935
8.533550
8.532464
8.531222
8.528536
8.528000
8.527313
8.526522
8.525738
8.525558
8.525328
8.525269
8.524738
8.524441
8.524277
8.523823
8.523560
8.523354
8.522579
8.522577
8.521752
8.521519
8.521457
8.519992
8.519939
8.519262
8.518824
8.518469
8.517610
8.517217
8.517008
8.516780
8.516625
8.516591
8.516501
8.515693
8.515528
8.515244
8.514791
8.514375
8.513776
8.513605
8.513041
8.511301
8.511095
8.510832
8.510654
8.509397
8.509246
8.508799
8.508643
8.508255
8.507910
8.507876
8.506687
8.506353
8.506296
8.504485
8.504076
8.503808
8.503563
8.503059
8.502981
8.502979
8.501557
8.500851
8.500231
8.499525
8.499224
8.499125
8.497807
8.497002
8.496748
8.496557
8.495489
8.495366
8.494950
8.494867
8.494849
8.494765
8.494328
8.494176
8.493720
8.493632
8.493513
8.493040
8.491221
8.490870
8.490819
8.490768
8.490383
8.489074
8.489058
8.489004
8.488508
8.488049
8.487572
8.487288
8.486073
8.485671
8.485573
8.483404
8.483236
8.482546
8.481926
8.481667
8.481174
8.480686
8.480640
8.480093
8.479478
8.479429
8.478637
8.478614
8.478168
8.477741
8.477682
8.477401
8.477236
8.476641
8.476450
8.476017
8.475633
8.475430
8.475166
8.474825
8.474533
8.474263
8.473856
8.473729
8.473440
8.473197
8.472399
8.472107
8.472095
8.471935
8.471579
8.471541
8.470921
8.470726
8.470274
8.470155
8.470151
8.470030
8.468916
8.468324
8.467861
8.467579
8.467322
8.466993
8.466806
8.466761
8.466022
8.465754
8.464482
8.463562
8.463408
8.462773
8.462412
8.462345
8.462036
8.461603
8.461582
8.461452
8.461220
8.460835
8.459663
8.458649
8.458537
8.458529
8.458129
8.458110
8.456708
8.456521
8.455438
8.455259
8.454253
8.454190
8.453968
8.453552
8.453311
8.452760
8.451448
8.450859
8.450603
8.450310
8.449864
8.449756
8.449417
8.449381
8.449354
8.448944
8.448866
8.448275
8.447171
8.446850
8.446778
8.445769
8.445360
8.445286
8.445167
8.445162
8.444493
8.441974
8.440976
8.440554
8.440516
8.439919
8.439688
8.438766
8.438745
8.438185
8.438153
8.437944
8.437710
8.437547
8.436451
8.435389
8.434648
8.434292
8.433332
8.433195
8.433125
8.432674
8.431772
8.431679
8.431650
8.431579
8.431528
8.431200
8.430394
8.429859
8.429828
8.428931
8.428557
8.427793
8.427089
8.427012
8.426588
8.425122
8.424324
8.423998
8.423897
8.423082
8.421514
8.421381
8.420870
8.420490
8.420342
8.420125
8.419708
8.419046
8.418904
8.418549
8.417988
8.417636
8.417097
8.416336
8.415977
8.415684
8.414215
8.411674
8.411478
8.410621
8.410140
8.409963
8.409558
8.408919
8.406516
8.406373
8.406327
8.406282
8.405439
8.405362
8.403965
8.403589
8.403048
8.402958
8.401930
8.401749
8.401047
8.400916
8.400389
8.400309
8.399878
8.399343
8.399035
8.398820
8.398354
8.398277
8.397984
8.395945
8.395257
8.394280
8.393988
8.392752
8.392712
8.392525
8.391893
8.391706
8.390646
8.390634
8.390381
8.389550
8.388895
8.388500
8.388257
8.386679
8.386311
8.386238
8.386032
8.385884
8.385588
8.385447
8.384095
8.384003
8.383938
8.383669
8.383175
8.383129
8.382828
8.382316
8.382302
8.381206
8.380835
8.380025
8.379569
8.379337
8.377786
8.377276
8.377224
8.376874
8.376680
8.375782
8.375704
8.374988
8.374044
8.374004
8.373899
8.372907
8.372784
8.372726
8.372526
8.371888
8.371298
8.370625
8.370043
8.369800
8.369501
8.369455
8.369408
8.369092
8.368993
8.368587
8.368150
8.367529
8.367349
8.366663
8.366083
8.364561
8.363925
8.363441
8.363410
8.362886
8.361406
8.361278
8.361103
8.361039
8.360735
8.360556
8.360275
8.359919
8.359788
8.358750
8.357832
8.357038
8.356487
8.356303
8.356031
8.355928
8.355664
8.353817
8.353600
8.353321
8.353139
8.351919
8.351128
8.350410
8.350321
8.348431
8.347338
8.347234
8.347227
8.346301
8.346207
8.345970
8.345877
8.345264
8.344964
8.343781
8.343721
8.342576
8.342234
8.341881
8.341664
8.340230
8.340219
8.339846
8.338229
8.337111
8.333411
8.332998
8.332432
8.332092
8.331519
8.330794
8.330664
8.330010
8.329041
8.328744
8.328703
8.328554
8.326571
8.326538
8.324419
8.324376
8.324195
8.323903
8.323353
8.322616
8.321930
8.320571
8.320462
8.320011
8.319723
8.319071
8.318913
8.318638
8.318509
8.318245
8.317910
8.317026
8.316000
8.315912
8.315368
8.315254
8.315068
8.314824
8.314027
8.312593
8.312449
8.312246
8.312160
8.312033
8.311987
8.311452
8.310358
8.309858
8.309659
8.309496
8.309478
8.309446
8.309387
8.307456
8.306994
8.306790
8.306471
8.305757
8.305586
8.305504
8.305201
8.305167
8.304927
8.304892
8.304026
8.303689
8.303003
8.302651
8.302414
8.300653
8.300312
8.300213
8.299806
8.299765
8.299452
8.298874
8.298446
8.297576
8.297541
8.296910
8.296892
8.296852
8.296395
8.296377
8.295792
8.295555
8.295088
8.294573
8.294415
8.292945
8.292429
8.292257
8.291759
8.291164
8.290614
8.290242
8.289663
8.289332
8.289314
8.289303
8.288741
8.288396
8.288158
8.287591
8.287329
8.285998
8.285826
8.285415
8.284192
8.283786
8.283356
8.282723
8.281738
8.281396
8.280687
8.280610
8.279239
8.278873
8.278623
8.278266
8.278145
8.278088
8.277863
8.277756
8.277495
8.277172
8.276105
8.275901
8.275230
8.274206
8.274154
8.272711
8.272406
8.272370
8.272253
8.272248
8.271879
8.269998
8.268977
8.268450
8.267868
8.266972
8.266925
8.266560
8.265999
8.264867
8.264376
8.263453
8.262972
8.262943
8.261774
8.261498
8.261447
8.261190
8.260514
8.260278
8.260069
8.259669
8.259348
8.259221
8.258699
8.258024
8.257785
8.255756
8.255461
8.255284
8.255280
8.254796
8.254682
8.254469
8.254395
8.252548
8.252454
8.252339
8.252228
8.251671
8.251487
8.251274
8.251139
8.251109
8.249739
8.249669
8.249052
8.247921
8.247664
8.246419
8.245506
8.245140
8.244551
8.244186
8.243808
8.243496
8.243478
8.242383
8.242165
8.242060
8.241623
8.240299
8.239950
8.239649
8.239483
8.239422
8.238688
8.238654
8.238010
8.237865
8.237661
8.237220
8.236282
8.236038
8.235749
8.235545
8.234567
8.234095
8.233685
8.233221
8.233086
8.232511
8.232465
8.232124
8.232032
8.231491
8.231449
8.231444
8.231239
8.228262
8.228075
8.227594
8.227172
8.227053
8.226982
8.226730
8.225470
8.224838
8.224133
8.223974
8.223949
8.223412
8.223349
8.223334
8.223307
8.222617
8.222157
8.221678
8.221390
8.220635
8.220303
8.220225
8.220079
8.219872
8.219780
8.219660
8.218764
8.218352
8.218058
8.217691
8.216634
8.215775
8.215743
8.215188
8.214760
8.213834
8.213600
8.213036
8.212902
8.212780
8.212586
8.212132
8.211974
8.210969
8.210875
8.210626
8.210013
8.209373
8.209335
8.209297
8.208585
8.208575
8.206471
8.206023
8.205692
8.205591
8.205427
8.205286
8.204947
8.202685
8.202471
8.202291
8.201740
8.201695
8.201323
8.200319
8.200153
8.199333
8.199306
8.198782
8.198228
8.196639
8.196527
8.195847
8.194792
8.194607
8.194226
8.194120
8.193756
8.193311
8.191895
8.191082
8.190936
8.189324
8.188609
8.188008
8.186437
8.186316
8.185106
8.184526
8.184277
8.183515
8.183169
8.182636
8.182580
8.181567
8.181326
8.181133
8.181124
8.180945
8.180386
8.180216
8.179731
8.179109
8.179026
8.178446
8.177691
8.177428
8.177209
8.176855
8.176165
8.175454
8.175307
8.175282
8.174892
8.173775
8.171223
8.170442
8.170294
8.169909
8.168821
8.167930
8.167265
8.165672
8.165581
8.165403
8.165403
8.164928
8.164091
8.163847
8.163404
8.163333
8.163091
8.162827
8.162487
8.161879
8.161659
8.160753
8.160400
8.160143
8.159870
8.159838
8.159185
8.158806
8.158671
8.158121
8.156886
8.156540
8.156337
8.155778
8.155615
8.155603
8.155280
8.155029
8.154125
8.154085
8.153510
8.151818
8.151727
8.151043
8.150712
8.150137
8.149988
8.149642
8.149623
8.149460
8.149339
8.149066
8.149012
8.148793
8.148270
8.147532
8.147277
8.146881
8.143908
8.142209
8.141993
8.141638
8.141065
8.139996
8.139820
8.139729
8.139676
8.139120
8.138570
8.137966
8.137585
8.137403
8.137310
8.136677
8.136513
8.136483
8.136244
8.135963
8.135406
8.135291
8.135081
8.134830
8.134443
8.134364
8.134337
8.134216
8.132410
8.132364
8.131076
8.130543
8.128282
8.128119
8.127809
8.127316
8.126353
8.126041
8.125950
8.125376
8.124701
8.124153
8.123201
8.122750
8.122427
8.122186
8.121962
8.121750
8.121361
8.120914
8.120825
8.120313
8.120087
8.119659
8.119458
8.119253
8.118381
8.117792
8.117610
8.117307
8.117290
8.115061
8.114699
8.114642
8.114491
8.113890
8.113562
8.113097
8.112817
8.112738
8.112330
8.112324
8.110123
8.109998
8.109674
8.108469
8.107391
8.107313
8.106958
8.105890
8.105694
8.105288
8.104815
8.104782
8.104753
8.103570
8.103501
8.103067
8.102986
8.102934
8.102378
8.101974
8.101130
8.100637
8.100595
8.099507
8.098131
8.098038
8.097697
8.096513
8.096506
8.096296
8.095274
8.094770
8.093740
8.093607
8.093253
8.093005
8.092547
8.092214
8.092205
8.091636
8.091537
8.091337
8.090540
8.089261
8.088759
8.087948
8.087773
8.086890
8.086876
8.086169
8.086006
8.085355
8.085060
8.084954
8.084385
8.084324
8.083598
8.083103
8.083081
8.082122
8.081076
8.080478
8.080477
8.080212
8.079121
8.078519
8.077215
8.076815
8.076097
8.073092
8.073057
8.072491
8.072371
8.071859
8.071656
8.071625
8.071255
8.071156
8.071123
8.070257
8.070041
8.069582
8.069507
8.067877
8.065916
8.065423
8.065325
8.065118
8.064990
8.064091
8.064047
8.063677
8.062384
8.062261
8.061264
8.061193
8.060329
8.060065
8.059793
8.058960
8.058573
8.058555
8.058507
8.057810
8.057263
8.056811
8.056422
8.056399
8.055073
8.053709
8.053593
8.053144
8.052485
8.052367
8.052021
8.051946
8.051834
8.051538
8.051332
8.051065
8.051047
8.050945
8.050886
8.050031
8.049592
8.049183
8.049165
8.048893
8.048670
8.047569
8.046988
8.046091
8.045768
8.045672
8.045609
8.044803
8.043644
8.043612
8.043303
8.040492
8.039580
8.039127
8.039065
8.038796
8.038614
8.037924
8.036885
8.036854
8.035111
8.034256
8.033794
8.033018
8.031172
8.030662
8.030490
8.029919
8.029713
8.029033
8.028530
8.028470
8.028236
8.028183
8.028090
8.027061
8.026983
8.026871
8.026616
8.026480
8.025961
8.024518
8.024487
8.024260
8.024066
8.023767
8.023311
8.022109
8.021822
8.020859
8.019977
8.019556
8.019400
8.017966
8.017353
8.017296
8.017272
8.017023
8.016302
8.016239
8.016212
8.015621
8.014802
8.014646
8.014429
8.013774
8.013201
8.012506
8.012036
8.012036
8.011263
8.010998
8.010406
8.010395
8.010224
8.009136
8.008959
8.008576
8.007640
8.007049
8.006610
8.006376
8.006359
8.005510
8.005359
8.005324
8.004878
8.004712
8.004448
8.004417
8.001867
8.001603
8.001448
8.000173
7.999743
7.998909
7.998850
7.998558
7.997871
7.997245
7.997083
7.996798
7.996760
7.996547
7.995542
7.995497
7.994558
7.994039
7.993788
7.993770
7.992600
7.991666
7.989905
7.989832
7.989722
7.989415
7.989025
7.986093
7.986027
7.985375
7.984397
7.984305
7.983220
7.982946
7.982374
7.982370
7.982271
7.980247
7.980089
7.980038
7.979808
7.979524
7.979386
7.979062
7.978094
7.977685
7.977680
7.977216
7.977205
7.976766
7.976337
7.975893
7.975870
7.975571
7.975451
7.975354
7.974377
7.974319
7.973821
7.973734
7.973399
7.972248
7.971632
7.970954
7.970614
7.970299
7.970089
7.969981
7.969851
7.969599
7.968817
7.968425
7.967320
7.966883
7.966442
7.966265
7.965643
7.965077
7.963789
7.962767
7.962680
7.962668
7.961392
7.961245
7.960724
7.960502
7.958752
7.956594
7.955911
7.955879
7.955724
7.955413
7.955215
7.955051
7.954911
7.954349
7.954112
7.953815
7.951324
7.951097
7.950879
7.950858
7.948781
7.948013
7.947834
7.946651
7.946274
7.945208
7.945084
7.943588
7.943463
7.943459
7.943434
7.943239
7.942778
7.942702
7.942401
7.941525
7.941365
7.940984
7.940762
7.939844
7.939556
7.939096
7.938962
7.938800
7.938763
7.938656
7.938150
7.937964
7.937734
7.937626
7.937615
7.937551
7.937187
7.936826
7.936775
7.936548
7.935328
7.935202
7.934791
7.934341
7.933969
7.933918
7.933827
7.933657
7.932866
7.932668
7.932529
7.932522
7.932110
7.931464
7.929195
7.929099
7.928901
7.927306
7.926646
7.926302
7.925987
7.925889
7.925375
7.924690
7.924346
7.924191
7.924032
7.923863
7.923845
7.923841
7.923381
7.922540
7.922472
7.922348
7.920964
7.920476
7.920220
7.919521
7.918885
7.918654
7.918416
7.917931
7.917713
7.917144
7.916945
7.916941
7.916589
7.915676
7.915572
7.915240
7.914808
7.914406
7.914008
7.913607
7.913265
7.912817
7.912095
7.911762
7.911603
7.911263
7.910325
7.910277
7.909423
7.909312
7.908593
7.907990
7.907827
7.907327
7.907101
7.906627
7.905478
7.904415
7.904201
7.900958
7.900929
7.900482
7.900240
7.899704
7.899490
7.899193
7.898910
7.898474
7.896600
7.896137
7.895591
7.894988
7.894645
7.894139
7.893601
7.893600
7.892804
7.892423
7.891138
7.890105
7.889288
7.889272
7.888546
7.887485
7.887150
7.886938
7.886538
7.886081
7.886072
7.885665
7.885476
7.885089
7.885083
7.883729
7.883180
7.882748
7.881670
7.880536
7.880399
7.880077
7.879766
7.879729
7.879710
7.878742
7.878586
7.878095
7.878091
7.878035
7.877759
7.876208
7.875297
7.874185
7.873755
7.872730
7.871819
7.871499
7.871349
7.871313
7.871309
7.871307
7.870741
7.870145
7.868601
7.867960
7.867913
7.867879
7.867627
7.867349
7.866975
7.865953
7.865916
7.864980
7.864088
7.863803
7.862855
7.861690
7.861550
7.859561
7.859403
7.859360
7.857887
7.857665
7.856456
7.856227
7.856097
7.855501
7.854807
7.853611
7.853245
7.852936
7.851695
7.851678
7.850602
7.850525
7.849967
7.849877
7.849629
7.849623
7.849435
7.848825
7.848375
7.848320
7.848058
7.847149
7.845611
7.845508
7.844290
7.844247
7.844009
7.843967
7.842473
7.839997
7.839980
7.839237
7.838325
7.837954
7.837654
7.836575
7.834116
7.834064
7.833643
7.833040
7.832710
7.832273
7.831662
7.831216
7.829835
7.829704
7.829704
7.829535
7.829028
7.826816
7.826338
7.826149
7.825887
7.825498
7.824601
7.824577
7.824096
7.824068
7.823832
7.821817
7.821776
7.821648
7.821604
7.820852
7.820779
7.820721
7.820634
7.819448
7.817178
7.817140
7.816867
7.816150
7.815671
7.815489
7.814169
7.813528
7.813178
7.812660
7.812587
7.812058
7.811253
7.811222
7.810507
7.810450
7.810140
7.809775
7.807809
7.807336
7.806450
7.806293
7.805757
7.804483
7.803711
7.803583
7.803521
7.802627
7.802613
7.802386
7.802260
7.801983
7.801947
7.801190
7.800684
7.800397
7.800138
7.800028
7.798989
7.798822
7.797565
7.796949
7.796819
7.795245
7.794827
7.793677
7.793330
7.792749
7.791527
7.790991
7.790957
7.789940
7.789816
7.789526
7.789435
7.788875
7.788652
7.788127
7.787921
7.787910
7.787896
7.787825
7.786399
7.786149
7.786139
7.785200
7.784410
7.784108
7.783990
7.783612
7.783582
7.783501
7.782940
7.782447
7.782447
7.781606
7.780840
7.780737
7.780489
7.779922
7.778750
7.778307
7.778028
7.777722
7.777640
7.777577
7.776943
7.776885
7.776202
7.776083
7.775304
7.774060
7.773759
7.773211
7.772179
7.771701
7.771660
7.771278
7.770693
7.770099
7.770016
7.769738
7.769225
7.769011
7.767438
7.767422
7.766891
7.765355
7.764904
7.764811
7.763687
7.763320
7.763064
7.762558
7.762118
7.761462
7.760934
7.760540
7.757928
7.757704
7.757378
7.756892
7.756785
7.756392
7.755569
7.755511
7.754443
7.754193
7.754018
7.753289
7.753141
7.753089
7.752781
7.752338
7.751904
7.751565
7.751346
7.751331
7.751014
7.750815
7.750282
7.749686
7.749514
7.748543
7.747912
7.747753
7.747725
7.747535
7.747444
7.746283
7.746176
7.745510
7.745445
7.745162
7.744760
7.744343
7.743102
7.742854
7.742342
7.742099
7.741449
7.740342
7.740236
7.739882
7.739584
7.738431
7.738352
7.737818
7.737404
7.737394
7.737229
7.737003
7.736980
7.736654
7.736503
7.736108
7.735625
7.735391
7.734658
7.734657
7.733252
7.732667
7.732157
7.732025
7.731831
7.731645
7.731423
7.731405
7.731308
7.731012
7.730667
7.729847
7.728967
7.728795
7.728336
7.727830
7.726794
7.726592
7.726416
7.725842
7.725189
7.724743
7.724319
7.724090
7.723246
7.722935
7.722385
7.721584
7.720352
7.720168
7.719081
7.718075
7.717189
7.716995
7.716674
7.715898
7.714269
7.713021
7.712503
7.712371
7.712276
7.711310
7.710049
7.709623
7.709459
7.708490
7.707946
7.706594
7.706256
7.705708
7.703995
7.703869
7.703551
7.703198
7.703074
7.702961
7.702804
7.702671
7.702507
7.701673
7.701294
7.700610
7.699606
7.699473
7.699455
7.699366
7.699179
7.698894
7.698688
7.698627
7.696852
7.696290
7.696114
7.695430
7.694526
7.694334
7.694050
7.693987
7.693780
7.693387
7.692102
7.691998
7.690784
7.690317
7.690097
7.688772
7.688200
7.687274
7.685857
7.685776
7.684648
7.684235
7.683959
7.682450
7.681472
7.681471
7.681310
7.680119
7.679962
7.679594
7.679262
7.678961
7.678732
7.678285
7.677521
7.677171
7.677139
7.675886
7.675090
7.674737
7.674483
7.673935
7.673781
7.673554
7.672619
7.672280
7.671692
7.670622
7.668839
7.668664
7.668276
7.668184
7.668122
7.668071
7.666872
7.666317
7.666008
7.665807
7.665806
7.665633
7.664900
7.664847
7.664108
7.663868
7.663796
7.663474
7.663074
7.661847
7.661722
7.659897
7.659891
7.659348
7.658902
7.658231
7.657149
7.656151
7.656053
7.655954
7.655756
7.655730
7.654078
7.651689
7.651506
7.651425
7.650640
7.650435
7.649934
7.649638
7.649255
7.648232
7.647831
7.647061
7.647015
7.646793
7.646220
7.646150
7.645452
7.644981
7.644784
7.644552
7.644249
7.643836
7.643705
7.643464
7.643205
7.642780
7.642730
7.642362
7.640326
7.639484
7.639203
7.639021
7.638286
7.637951
7.637129
7.636853
7.636280
7.636124
7.636123
7.635923
7.635850
7.635499
7.635033
7.633715
7.632936
7.632666
7.632545
7.632175
7.631952
7.631560
7.630806
7.630742
7.630697
7.630562
7.629453
7.629443
7.628939
7.628367
7.628329
7.628188
7.627675
7.627355
7.626181
7.625588
7.625132
7.624750
7.624750
7.624312
7.624285
7.624112
7.623449
7.623334
7.621189
7.620520
7.620340
7.620029
7.619810
7.619758
7.619612
7.619595
7.619325
7.619261
7.618462
7.617681
7.617562
7.616966
7.616748
7.616401
7.615047
7.614768
7.614135
7.613957
7.612786
7.612773
7.612095
7.611625
7.611028
7.610545
7.609802
7.609306
7.608957
7.608390
7.608108
7.608051
7.607803
7.607189
7.606785
7.606156
7.605668
7.604176
7.604169
7.604117
7.603564
7.603414
7.602071
7.600211
7.598557
7.598075
7.597959
7.597885
7.597326
7.596893
7.596620
7.596152
7.595988
7.595685
7.595148
7.594948
7.594830
7.593633
7.593607
7.593266
7.592710
7.592579
7.592334
7.592332
7.592300
7.592251
7.592194
7.591116
7.590223
7.590164
7.589064
7.588676
7.588181
7.588161
7.587157
7.586841
7.585574
7.585471
7.585049
7.584603
7.583988
7.583982
7.583860
7.582398
7.582052
7.581730
7.581580
7.581139
7.581080
7.580418
7.579886
7.579670
7.579591
7.578912
7.578770
7.578558
7.578487
7.578453
7.578223
7.578145
7.578076
7.577314
7.576447
7.575335
7.575202
7.574869
7.573988
7.572434
7.571843
7.571038
7.570644
7.570587
7.570580
7.568915
7.567307
7.566443
7.565993
7.564678
7.564192
7.564185
7.564024
7.563438
7.563161
7.563073
7.562480
7.562241
7.561623
7.560249
7.559914
7.559601
7.559290
7.558856
7.558645
7.558303
7.558178
7.558016
7.556768
7.556468
7.556206
7.555997
7.555882
7.555659
7.555403
7.555255
7.555127
7.554833
7.554473
7.554233
7.554228
7.554204
7.554008
7.553572
7.552145
7.552016
7.551546
7.551530
7.551186
7.551091
7.551039
7.550941
7.550511
7.550425
7.550263
7.550030
7.549315
7.549047
7.548885
7.547865
7.547431
7.547219
7.546721
7.546551
7.546484
7.546081
7.545905
7.545606
7.545222
7.545220
7.543846
7.543595
7.542747
7.542195
7.541020
7.539322
7.537621
7.536673
7.536523
7.536307
7.536179
7.535691
7.535393
7.534608
7.534306
7.533998
7.533718
7.533462
7.532875
7.531925
7.531814
7.531142
7.530898
7.530127
7.529983
7.529969
7.529564
7.528856
7.528728
7.528677
7.528470
7.527823
7.526129
7.525676
7.525062
7.524762
7.523993
7.523861
7.522516
7.521630
7.520550
7.520161
7.519707
7.519032
7.518291
7.518094
7.517991
7.516937
7.516608
7.516379
7.516232
7.516147
7.515794
7.513841
7.512968
7.512771
7.512165
7.511734
7.510078
7.509851
7.509664
7.509261
7.508221
7.508126
7.507089
7.505736
7.504917
7.504877
7.504526
7.504319
7.502696
7.502324
7.502229
7.501983
7.501549
7.501333
7.501300
7.501212
7.501016
7.500657
7.500330
7.500180
7.499254
7.499090
7.498982
7.498608
7.498097
7.498074
7.497895
7.497827
7.497577
7.496285
7.496041
7.496021
7.495880
7.495834
7.495423
7.494626
7.494404
7.492977
7.491305
7.491113
7.490470
7.490347
7.489420
7.488186
7.487212
7.487116
7.486225
7.485662
7.485618
7.485058
7.483097
7.482112
7.481264
7.480926
7.480257
7.479946
7.479371
7.479293
7.479185
7.479023
7.478976
7.477725
7.477152
7.476736
7.476336
7.475960
7.475666
7.475058
7.474042
7.473659
7.473338
7.472881
7.471564
7.471025
7.470755
7.469988
7.469742
7.469157
7.467992
7.466909
7.466661
7.466646
7.466623
7.466304
7.466231
7.466228
7.466198
7.466192
7.466133
7.465665
7.465071
7.465052
7.464193
7.463593
7.463541
7.463527
7.462806
7.462590
7.461698
7.461417
7.460565
7.460413
7.460401
7.460112
7.459850
7.459329
7.458910
7.457386
7.456802
7.455901
7.455859
7.455638
7.455578
7.455558
7.454853
7.454760
7.453775
7.452940
7.452488
7.452338
7.451208
7.451206
7.451162
7.450652
7.450057
7.449626
7.448863
7.447517
7.445685
7.445450
7.445015
7.444755
7.444281
7.444182
7.444088
7.444014
7.442765
7.441855
7.441679
7.440414
7.439898
7.439786
7.439209
7.438565
7.438334
7.436926
7.436742
7.436131
7.436060
7.435952
7.435382
7.435174
7.435004
7.434993
7.434731
7.434693
7.434342
7.434227
7.433789
7.433714
7.432514
7.432022
7.431753
7.431417
7.431095
7.429934
7.429535
7.429143
7.428339
7.428288
7.427626
7.427060
7.427044
7.426595
7.426091
7.425859
7.425717
7.424149
7.422519
7.422304
7.422171
7.421515
7.421467
7.420583
7.420485
7.419111
7.418934
7.418489
7.417351
7.416931
7.416048
7.414886
7.414775
7.414683
7.414340
7.414154
7.413640
7.413614
7.413580
7.413364
7.413352
7.413309
7.411845
7.411033
7.410485
7.410233
7.409647
7.409510
7.409077
7.408677
7.408443
7.407721
7.407050
7.407014
7.406798
7.406484
7.406070
7.405257
7.404805
7.402235
7.400995
7.400091
7.400055
7.399521
7.399420
7.399213
7.399124
7.398762
7.397912
7.396934
7.396688
7.396378
7.395164
7.393564
7.393255
7.392366
7.391953
7.391913
7.391347
7.391259
7.391179
7.391071
7.390832
7.390493
7.390417
7.389434
7.388934
7.388690
7.388236
7.388066
7.387987
7.387784
7.387401
7.386660
7.385929
7.385550
7.384965
7.384913
7.384310
7.384234
7.383890
7.381907
7.381640
7.380991
7.380860
7.380182
7.380081
7.379904
7.378215
7.378154
7.377571
7.377382
7.377367
7.376872
7.375193
7.374311
7.373061
7.372722
7.372585
7.372561
7.371724
7.371450
7.371350
7.370677
7.370386
7.369944
7.369532
7.368925
7.367874
7.367869
7.366954
7.366359
7.365965
7.365900
7.365818
7.365711
7.365002
7.364183
7.363120
7.362304
7.362137
7.361639
7.361250
7.360739
7.360537
7.360144
7.359626
7.358647
7.358356
7.358312
7.358050
7.357771
7.357493
7.357126
7.356997
7.356753
7.355725
7.353789
7.352033
7.351795
7.351158
7.350731
7.350402
7.349763
7.349352
7.349277
7.348737
7.348646
7.348397
7.347762
7.347174
7.347133
7.346998
7.346981
7.346910
7.346468
7.345880
7.344933
7.344626
7.343808
7.343374
7.342047
7.340979
7.339652
7.339573
7.339496
7.337762
7.337667
7.336905
7.336890
7.336665
7.336639
7.336546
7.335484
7.333982
7.333511
7.333286
7.332220
7.331972
7.331256
7.330995
7.330404
7.330175
7.330091
7.329951
7.329638
7.328903
7.328596
7.327470
7.327461
7.327436
7.326969
7.326958
7.325585
7.324131
7.323123
7.322712
7.322118
7.322058
7.321821
7.320827
7.320605
7.319486
7.317848
7.317610
7.317577
7.316322
7.314622
7.314615
7.314599
7.314462
7.314195
7.314167
7.313437
7.313356
7.312567
7.312445
7.312316
7.311742
7.311593
7.311388
7.311206
7.310277
7.309782
7.309049
7.309020
7.308537
7.307705
7.307689
7.307610
7.306392
7.305831
7.305264
7.304258
7.304210
7.303453
7.302966
7.301449
7.300837
7.300274
7.299904
7.299194
7.299061
7.297757
7.297531
7.297289
7.295374
7.294203
7.293454
7.293248
7.292499
7.292198
7.291479
7.289658
7.287529
7.287313
7.287150
7.286529
7.285342
7.284739
7.284195
7.284033
7.283813
7.283709
7.283534
7.283498
7.282994
7.282015
7.280624
7.280506
7.280501
7.279913
7.279833
7.279074
7.279041
7.278556
7.278216
7.277618
7.277200
7.276390
7.275448
7.275170
7.275026
7.273702
7.273498
7.273333
7.272866
7.272005
7.271755
7.269888
7.269039
7.268934
7.268841
7.268830
7.268488
7.268398
7.268255
7.264379
7.264240
7.262874
7.262604
7.261137
7.261043
7.260814
7.260691
7.260685
7.258718
7.258236
7.258225
7.258100
7.257836
7.257090
7.256207
7.255986
7.255838
7.255143
7.254363
7.254285
7.253875
7.253454
7.253035
7.252894
7.252328
7.252183
7.251368
7.251351
7.250190
7.249094
7.248893
7.247412
7.246981
7.243320
7.243319
7.240303
7.240165
7.239280
7.238328
7.237945
7.237357
7.237179
7.236995
7.236624
7.235607
7.235379
7.234345
7.233889
7.233859
7.233773
7.233354
7.233048
7.233029
7.232784
7.232356
7.230968
7.229963
7.229623
7.229394
7.228835
7.227573
7.227077
7.226586
7.225491
7.225484
7.224511
7.224493
7.224339
7.224300
7.223574
7.222589
7.222109
7.221996
7.221760
7.220891
7.220171
7.219369
7.219203
7.218864
7.218524
7.216032
7.215941
7.215531
7.215036
7.213918
7.213561
7.213099
7.212362
7.212093
7.208976
7.208707
7.208363
7.207675
7.207309
7.207165
7.206367
7.205935
7.205865
7.205840
7.205758
7.205597
7.205524
7.204875
7.201925
7.201747
7.201285
7.200725
7.200632
7.200613
7.199695
7.199149
7.199144
7.198710
7.198319
7.197845
7.197824
7.197551
7.196601
7.196280
7.196174
7.195444
7.194908
7.194529
7.193750
7.193183
7.191621
7.190858
7.190470
7.190443
7.190092
7.189560
7.187107
7.186732
7.186719
7.186229
7.186083
7.185602
7.185168
7.185046
7.184280
7.183381
7.183306
7.182438
7.182231
7.181588
7.181234
7.179924
7.179924
7.179224
7.179037
7.178762
7.178079
7.177500
7.177271
7.177041
7.176246
7.176027
7.175511
7.175206
7.175197
7.174270
7.173284
7.173063
7.172782
7.171348
7.170138
7.169372
7.168857
7.168468
7.168168
7.167747
7.167367
7.166541
7.165972
7.164997
7.164731
7.164558
7.163560
7.163378
7.163377
7.163063
7.162713
7.162378
7.161595
7.161374
7.160477
7.160195
7.159806
7.159591
7.158000
7.157680
7.156799
7.156681
7.156640
7.156497
7.156340
7.155681
7.155376
7.155101
7.154148
7.153297
7.153196
7.152932
7.152895
7.152825
7.152448
7.152408
7.151714
7.151551
7.150640
7.150281
7.146821
7.146487
7.145070
7.143912
7.143875
7.143639
7.143465
7.143413
7.143024
7.142736
7.142505
7.142167
7.141339
7.140137
7.139234
7.138853
7.138340
7.138052
7.138004
7.137972
7.137706
7.137563
7.137549
7.137474
7.137413
7.137175
7.136508
7.135834
7.134077
7.133824
7.133274
7.132661
7.131247
7.130643
7.130457
7.130418
7.130032
7.129458
7.129368
7.128553
7.128373
7.128349
7.128308
7.128305
7.127910
7.127887
7.127850
7.127021
7.126927
7.126849
7.125176
7.124153
7.123973
7.123744
7.123470
7.122467
7.122335
7.121744
7.121471
7.121403
7.120610
7.120602
7.120437
7.120165
7.119992
7.119007
7.118444
7.118157
7.117620
7.117464
7.117463
7.116894
7.116548
7.116270
7.115729
7.115659
7.115589
7.115518
7.115360
7.115109
7.115060
7.114364
7.114062
7.113897
7.113756
7.112937
7.112656
7.111816
7.111813
7.111207
7.109983
7.109962
7.108111
7.107861
7.107856
7.107763
7.107642
7.104697
7.104242
7.103715
7.103043
7.102674
7.102527
7.102365
7.102267
7.102165
7.101972
7.101970
7.100890
7.099828
7.098897
7.098745
7.097615
7.097215
7.097077
7.097075
7.096825
7.095959
7.095762
7.094938
7.094109
7.093675
7.093257
7.092319
7.091946
7.091356
7.091245
7.088673
7.088349
7.087626
7.087518
7.087222
7.086523
7.086497
7.086412
7.086055
7.085070
7.084806
7.084513
7.084346
7.083477
7.083288
7.083261
7.082892
7.082650
7.080908
7.080738
7.080631
7.079771
7.079354
7.079282
7.078835
7.078766
7.077939
7.077795
7.077196
7.075420
7.075174
7.074947
7.074756
7.074715
7.074363
7.073462
7.072875
7.072399
7.072216
7.072100
7.071971
7.071698
7.071488
7.070727
7.070627
7.070561
7.068784
7.068716
7.068501
7.068146
7.068053
7.067469
7.067185
7.067113
7.066829
7.066634
7.066366
7.066183
7.066033
7.064704
7.064547
7.063914
7.063732
7.063580
7.062764
7.062699
7.061845
7.061293
7.061229
7.060902
7.060269
7.060001
7.059758
7.059603
7.058858
7.058135
7.057890
7.057428
7.056339
7.055869
7.053833
7.053528
7.053408
7.053032
7.052212
7.052208
7.051826
7.051730
7.050281
7.049576
7.049158
7.047870
7.047492
7.046926
7.046775
7.045504
7.045292
7.045124
7.045092
7.044788
7.044524
7.043878
7.043491
7.043448
7.043348
7.043148
7.042787
7.042649
7.042410
7.041798
7.041471
7.040365
7.040099
7.039871
7.039400
7.039233
7.039019
7.038429
7.037888
7.037280
7.036660
7.035032
7.034908
7.031950
7.031589
7.031421
7.030603
7.030498
7.029636
7.029469
7.029428
7.029175
7.028838
7.028486
7.028132
7.027912
7.027712
7.027596
7.027115
7.027079
7.026662
7.026557
7.025418
7.024996
7.024933
7.024784
7.024716
7.023137
7.021737
7.020902
7.020508
7.020397
7.020267
7.019818
7.019117
7.019083
7.018457
7.018415
7.017019
7.016486
7.016266
7.015849
7.015765
7.015622
7.014870
7.014766
7.014415
7.014037
7.013040
7.012735
7.012289
7.011995
7.011808
7.011395
7.010782
7.010445
7.010383
7.010321
7.009864
7.009172
7.008917
7.006570
7.005745
7.005607
7.005565
7.004413
7.003202
7.001986
7.001016
7.000399
7.000350
7.000169
6.999862
6.999296
6.999236
6.998658
6.997743
6.997176
6.996846
6.996819
6.995571
6.995262
6.995016
6.994400
6.993951
6.992692
6.992427
6.992187
6.991835
6.988573
6.988354
6.987317
6.986895
6.986816
6.985836
6.985804
6.985748
6.985188
6.984799
6.984612
6.984439
6.984227
6.983896
6.983529
6.982417
6.982388
6.982031
6.982018
6.980275
6.980271
6.980167
6.979718
6.978798
6.978619
6.978432
6.977508
6.977453
6.977053
6.976548
6.976162
6.975322
6.974757
6.974561
6.974327
6.974272
6.972940
6.971918
6.971012
6.970748
6.970209
6.969976
6.969475
6.969203
6.969118
6.968836
6.968160
6.965833
6.965157
6.964688
6.963950
6.963510
6.963478
6.963027
6.962960
6.962316
6.961462
6.960905
6.960856
6.960397
6.960292
6.959892
6.959631
6.959485
6.959330
6.959002
6.958148
6.957264
6.957229
6.957151
6.957006
6.956778
6.956659
6.955469
6.955123
6.954491
6.953353
6.953285
6.952984
6.952398
6.951978
6.951279
6.950583
6.949581
6.949563
6.946962
6.946641
6.945607
6.945195
6.945170
6.945120
6.944778
6.944347
6.944270
6.944060
6.943697
6.942896
6.940849
6.940770
6.940238
6.939793
6.938106
6.937926
6.937171
6.937160
6.936144
6.935573
6.935216
6.934748
6.934739
6.933830
6.933744
6.933652
6.933483
6.932774
6.932235
6.931549
6.931039
6.930978
6.930436
6.930142
6.929705
6.928607
6.928575
6.927779
6.927589
6.924460
6.923769
6.923109
6.923104
6.923072
6.922531
6.922426
6.922419
6.921291
6.920695
6.920375
6.919235
6.919022
6.919017
6.918821
6.918447
6.918068
6.917849
6.917444
6.917009
6.916409
6.915359
6.914634
6.914274
6.914149
6.913882
6.913714
6.913438
6.913367
6.913127
6.912818
6.912531
6.911461
6.910093
6.909867
6.909740
6.909290
6.908820
6.907795
6.907154
6.906916
6.906487
6.906458
6.906127
6.906036
6.905675
6.905269
6.904960
6.904683
6.904335
6.903992
6.903689
6.903576
6.900014
6.899753
6.899032
6.898822
6.898594
6.898253
6.897526
6.897414
6.897150
6.897093
6.896819
6.896713
6.896573
6.896413
6.895754
6.895649
6.895536
6.895323
6.894046
6.893878
6.893591
6.892488
6.892059
6.891879
6.891587
6.891338
6.890476
6.890421
6.888763
6.888584
6.887529
6.887303
6.886329
6.884790
6.884773
6.883975
6.883741
6.882953
6.882384
6.881682
6.881459
6.881427
6.881166
6.880999
6.880651
6.880470
6.880103
6.879218
6.876649
6.875695
6.874777
6.874194
6.873518
6.872496
6.872456
6.872445
6.872238
6.872035
6.871785
6.871633
6.871577
6.870883
6.870590
6.870055
6.869741
6.868979
6.868418
6.866480
6.865631
6.865578
6.865102
6.864946
6.864907
6.864812
6.864720
6.863968
6.863550
6.862671
6.861923
6.861808
6.861711
6.861258
6.861093
6.860967
6.860791
6.860767
6.860355
6.859299
6.859055
6.858703
6.857083
6.856720
6.855393
6.855051
6.854300
6.854087
6.853442
6.852156
6.851973
6.850494
6.849780
6.849537
6.849240
6.849182
6.848965
6.847924
6.847465
6.847171
6.846770
6.846650
6.846600
6.845636
6.844933
6.844816
6.841598
6.841020
6.840629
6.840066
6.838975
6.837982
6.837467
6.836786
6.836649
6.836288
6.836286
6.835206
6.835017
6.834929
6.834912
6.833877
6.833172
6.832887
6.832222
6.832018
6.831777
6.831219
6.831192
6.830758
6.830447
6.829937
6.829720
6.829405
6.826733
6.826330
6.825883
6.825662
6.825285
6.824825
6.823739
6.822821
6.822562
6.822505
6.821914
6.821109
6.820570
6.820187
6.820033
6.819476
6.819019
6.818574
6.817874
6.817213
6.816355
6.815571
6.812107
6.810899
6.810861
6.810790
6.810117
6.810040
6.809768
6.809084
6.808555
6.808371
6.808125
6.807852
6.807003
6.806727
6.806371
6.806335
6.806179
6.805769
6.803379
6.803253
6.802322
6.802238
6.801629
6.800854
6.800783
6.800550
6.800394
6.800307
6.800231
6.799866
6.798635
6.797669
6.797497
6.796653
6.796264
6.796232
6.795631
6.794943
6.794115
6.793912
6.793750
6.793322
6.793097
6.793027
6.792670
6.791370
6.790748
6.790360
6.789456
6.789005
6.788711
6.788485
6.787921
6.787352
6.787020
6.786885
6.786301
6.786108
6.785649
6.785412
6.785093
6.784287
6.783727
6.782771
6.782584
6.781288
6.781199
6.781059
6.780010
6.779733
6.779646
6.778927
6.778083
6.777271
6.777043
6.776139
6.776048
6.776008
6.775670
6.775486
6.774544
6.772698
6.771906
6.771474
6.771440
6.771245
6.771114
6.771038
6.770658
6.770491
6.770331
6.770109
6.769939
6.769906
6.768670
6.768475
6.768328
6.767983
6.767936
6.767912
6.767831
6.766279
6.765901
6.765476
6.765337
6.765082
6.764966
6.764545
6.763800
6.763655
6.763593
6.763489
6.763257
6.763074
6.762739
6.762523
6.761922
6.761586
6.760163
6.759620
6.758568
6.757995
6.757603
6.757082
6.756869
6.756823
6.756364
6.756310
6.755455
6.753420
6.751148
6.751054
6.750588
6.749993
6.749640
6.749338
6.749071
6.748393
6.748299
6.747360
6.745622
6.744769
6.743837
6.743613
6.743432
6.743410
6.743361
6.742815
6.742623
6.742501
6.741676
6.741381
6.741105
6.739757
6.739151
6.739126
6.738970
6.738262
6.737914
6.737799
6.737378
6.737332
6.736697
6.736357
6.736202
6.735728
6.735322
6.735230
6.732682
6.732587
6.732404
6.730162
6.729689
6.729494
6.729467
6.729447
6.729222
6.728597
6.728593
6.726612
6.725935
6.725226
6.724949
6.724887
6.724774
6.722840
6.721429
6.721013
6.720276
6.719885
6.719873
6.719472
6.719306
6.719259
6.719122
6.718869
6.718558
6.718528
6.718252
6.718063
6.717687
6.717338
6.717228
6.717090
6.716990
6.716977
6.715416
6.715232
6.715124
6.715099
6.714985
6.714873
6.714149
6.713945
6.713809
6.713507
6.713019
6.712458
6.711978
6.711771
6.710546
6.710410
6.709151
6.707370
6.705204
6.705115
6.705050
6.703379
6.702752
6.702459
6.702043
6.701792
6.701751
6.701596
6.701384
6.701221
6.701048
6.701040
6.700943
6.700767
6.700226
6.699958
6.699837
6.698315
6.696560
6.696530
6.696306
6.696090
6.695169
6.695103
6.694889
6.694514
6.693654
6.692101
6.691379
6.691108
6.691006
6.690859
6.689956
6.689680
6.689630
6.689372
6.688316
6.688087
6.686602
6.686103
6.684964
6.684489
6.684383
6.683997
6.683950
6.683869
6.682622
6.681096
6.680598
6.680322
6.679881
6.679179
6.679008
6.678678
6.677616
6.677538
6.676999
6.676548
6.676511
6.675792
6.675481
6.675322
6.675177
6.674882
6.674705
6.673930
6.673674
6.673629
6.672845
6.672541
6.672162
6.671805
6.671296
6.671172
6.670263
6.670177
6.669885
6.669589
6.669446
6.669395
6.669012
6.668634
6.668367
6.668322
6.668256
6.668242
6.667038
6.667032
6.666538
6.666185
6.665802
6.665710
6.665043
6.665020
6.664908
6.664061
6.663625
6.662368
6.662238
6.661592
6.661535
6.661489
6.661253
6.661129
6.660543
6.660013
6.658655
6.658594
6.657493
6.657468
6.657198
6.655883
6.655729
6.655372
6.655340
6.654387
6.653945
6.653322
6.652402
6.650266
6.650024
6.649225
6.648286
6.648170
6.647781
6.647451
6.646357
6.646357
6.646308
6.646177
6.646063
6.645723
6.645409
6.645092
6.644339
6.644070
6.643064
6.643038
6.643021
6.642995
6.642573
6.642532
6.642154
6.641948
6.641753
6.640985
6.640972
6.640949
6.640069
6.639377
6.637917
6.637490
6.636797
6.636497
6.636477
6.633952
6.633822
6.633611
6.633595
6.633313
6.633309
6.633213
6.632602
6.631045
6.630358
6.630350
6.630258
6.629902
6.628973
6.628430
6.628214
6.628185
6.627878
6.627278
6.626921
6.626231
6.625316
6.625278
6.624837
6.624600
6.624197
6.623435
6.622846
6.622519
6.622438
6.622182
6.621751
6.621163
6.620906
6.620804
6.620520
6.620233
6.619550
6.619293
6.619061
6.618474
6.617694
6.617437
6.616935
6.615863
6.615610
6.614996
6.614588
6.614480
6.612763
6.612659
6.612449
6.612289
6.612206
6.612046
6.611905
6.611075
6.610993
6.610689
6.609299
6.608705
6.608457
6.607902
6.607832
6.607807
6.607424
6.607338
6.607130
6.606162
6.606050
6.605779
6.605510
6.604562
6.603777
6.603715
6.603162
6.602524
6.602303
6.601205
6.599681
6.598321
6.597911
6.597713
6.597340
6.597318
6.597233
6.597094
6.596235
6.596117
6.595077
6.594361
6.593762
6.593606
6.593363
6.592833
6.592745
6.592260
6.590222
6.589949
6.589925
6.588609
6.588143
6.587737
6.586861
6.585977
6.585864
6.585862
6.584840
6.584387
6.583180
6.580330
6.580038
6.579587
6.579004
6.578961
6.578815
6.578803
6.578416
6.577642
6.576817
6.576491
6.576406
6.576392
6.575532
6.574893
6.572966
6.572350
6.571558
6.571477
6.570464
6.570022
6.569992
6.568591
6.567496
6.566913
6.565279
6.564443
6.564058
6.563902
6.562579
6.561304
6.560979
6.560697
6.560507
6.559673
6.559608
6.559566
6.559091
6.558895
6.558805
6.558692
6.558558
6.558154
6.558133
6.557783
6.556944
6.556652
6.556531
6.556093
6.555704
6.555321
6.555185
6.554936
6.554539
6.554437
6.553525
6.553142
6.553031
6.552957
6.552495
6.551924
6.551611
6.551009
6.550178
6.549195
6.548377
6.548129
6.548110
6.547164
6.546888
6.545002
6.544748
6.543716
6.543415
6.543229
6.543086
6.542397
6.541761
6.541461
6.541167
6.540061
6.539346
6.539156
6.537855
6.536369
6.535360
6.532581
6.532565
6.532513
6.532249
6.531826
6.531801
6.531754
6.531020
6.529315
6.528415
6.528241
6.528145
6.527631
6.527112
6.527107
6.526304
6.526121
6.525832
6.524620
6.524053
6.523757
6.523680
6.523001
6.522243
6.521234
6.520714
6.520145
6.520129
6.520065
6.518359
6.518283
6.518031
6.517467
6.516511
6.515784
6.515744
6.514530
6.514168
6.514016
6.513611
6.513608
6.513510
6.512942
6.512029
6.511702
6.510053
6.509861
6.508785
6.508567
6.507792
6.506050
6.505705
6.505384
6.505260
6.505142
6.504475
6.504272
6.504138
6.503396
6.503373
6.503286
6.502304
6.502297
6.500499
6.499633
6.499424
6.498513
6.498475
6.496940
6.496368
6.496167
6.496160
6.495833
6.495042
6.494967
6.494579
6.492877
6.492417
6.491724
6.490908
6.490448
6.489916
6.489766
6.489284
6.488953
6.488717
6.488443
6.488385
6.488177
6.488104
6.487870
6.486938
6.486773
6.486751
6.486108
6.485913
6.485419
6.485188
6.485058
6.484500
6.484101
6.483753
6.483206
6.482577
6.482378
6.482262
6.481580
6.481530
6.480534
6.480355
6.479977
6.479702
6.478703
6.478502
6.477922
6.477835
6.476565
6.476535
6.475463
6.475134
6.474898
6.474559
6.473259
6.473213
6.472781
6.472691
6.472674
6.472196
6.471620
6.471388
6.471070
6.470857
6.469832
6.468530
6.468112
6.468046
6.467274
6.465538
6.464837
6.463505
6.463357
6.463303
6.463144
6.462537
6.461087
6.461043
6.461020
6.460885
6.460824
6.460745
6.460626
6.460005
6.459701
6.459081
6.458472
6.458256
6.458125
6.458073
6.457589
6.457510
6.457229
6.456945
6.455612
6.454534
6.454256
6.454063
6.453964
6.453442
6.451695
6.451257
6.451254
6.451158
6.450940
6.449544
6.449199
6.449056
6.448692
6.448640
6.448321
6.447544
6.447310
6.446413
6.445796
6.445299
6.444969
6.444954
6.444178
6.443581
6.443482
6.443147
6.441386
6.441260
6.440333
6.440249
6.440079
6.439538
6.439109
6.438720
6.438503
6.438175
6.438071
6.438005
6.437692
6.437687
6.437530
6.437281
6.436539
6.435963
6.435630
6.435481
6.435206
6.435136
6.434345
6.433712
6.433225
6.433147
6.433050
6.432967
6.432090
6.431587
6.430871
6.430729
6.430454
6.430290
6.429646
6.429372
6.428886
6.428471
6.428208
6.427991
6.427665
6.427529
6.426602
6.425500
6.425237
6.424990
6.424665
6.424361
6.424052
6.423569
6.423542
6.423226
6.423215
6.422705
6.422644
6.422534
6.421923
6.421839
6.421798
6.421456
6.420354
6.420335
6.419683
6.419359
6.419219
6.418877
6.418808
6.418367
6.418151
6.418065
6.417415
6.417131
6.416854
6.415672
6.415622
6.414883
6.414160
6.413989
6.413799
6.413541
6.413530
6.413308
6.412747
6.411886
6.410071
6.409576
6.409408
6.409181
6.408168
6.405976
6.405671
6.404457
6.404448
6.404420
6.404362
6.404026
6.401710
6.401651
6.401212
6.400440
6.400216
6.400096
6.400070
6.400056
6.399660
6.399651
6.398915
6.397800
6.397668
6.397237
6.396754
6.396477
6.396241
6.395144
6.394573
6.393953
6.393628
6.393604
6.393518
6.393449
6.393349
6.393338
6.391925
6.391665
6.391218
6.390178
6.390068
6.389737
6.389350
6.388164
6.387514
6.387480
6.387281
6.385587
6.385266
6.385167
6.385145
6.384955
6.384752
6.384313
6.383747
6.382947
6.382529
6.381836
6.381608
6.380710
6.380375
6.379605
6.379499
6.379490
6.379268
6.378722
6.377531
6.376586
6.376293
6.374584
6.374450
6.374411
6.374343
6.374135
6.373437
6.372629
6.371737
6.371464
6.371189
6.370002
6.369969
6.369374
6.369230
6.369102
6.368726
6.368455
6.368389
6.367306
6.366982
6.366523
6.366443
6.366225
6.366063
6.365184
6.363673
6.363599
6.362938
6.362830
6.362814
6.362555
6.360867
6.360527
6.359728
6.359186
6.358633
6.358361
6.357900
6.355433
6.355134
6.352832
6.352796
6.352763
6.352420
6.352096
6.352060
6.352042
6.351661
6.350946
6.350889
6.350319
6.350086
6.349970
6.349449
6.348539
6.348472
6.348162
6.347853
6.347677
6.347262
6.347163
6.346535
6.345848
6.345222
6.344761
6.343612
6.343571
6.342449
6.342444
6.342403
6.340952
6.340221
6.340145
6.339986
6.338906
6.338044
6.337209
6.336992
6.336812
6.335399
6.334918
6.334917
6.334105
6.333427
6.332288
6.331808
6.331746
6.330769
6.330175
6.329984
6.329484
6.328096
6.327328
6.326874
6.326427
6.325982
6.324563
6.323329
6.322966
6.322623
6.322073
6.321366
6.320995
6.320407
6.319950
6.319832
6.319805
6.319110
6.318200
6.317852
6.317774
6.316418
6.313911
6.313505
6.312885
6.311099
6.311078
6.310253
6.310011
6.309478
6.308398
6.307847
6.307660
6.307131
6.306612
6.306505
6.306493
6.306365
6.306357
6.304979
6.304567
6.304348
6.303745
6.303726
6.303228
6.302110
6.302085
6.301977
6.301571
6.301208
6.300433
6.300385
6.299542
6.299122
6.298906
6.298539
6.297215
6.297049
6.296971
6.296822
6.296063
6.295004
6.294256
6.294237
6.293793
6.293716
6.293228
6.293226
6.291456
6.291153
6.290817
6.290737
6.290596
6.290153
6.289955
6.289367
6.289312
6.288342
6.286727
6.286603
6.286039
6.285850
6.285592
6.285285
6.283875
6.283619
6.283235
6.282642
6.281993
6.280894
6.280451
6.279767
6.279707
6.279554
6.279111
6.278503
6.277907
6.277788
6.277048
6.275753
6.274515
6.274508
6.274200
6.273942
6.273316
6.272318
6.271539
6.271109
6.270599
6.269879
6.269583
6.269088
6.268056
6.266661
6.266189
6.265988
6.265726
6.265558
6.264938
6.264566
6.264499
6.263298
6.262267
6.262122
6.261616
6.259834
6.259654
6.259220
6.259012
6.258456
6.258268
6.257954
6.257873
6.257490
6.257238
6.256870
6.256414
6.256306
6.255807
6.255748
6.255543
6.254359
6.253992
6.253714
6.253657
6.253295
6.252906
6.252484
6.252377
6.252212
6.252083
6.251894
6.251703
6.251528
6.250926
6.250416
6.249852
6.248069
6.247941
6.247201
6.246731
6.245638
6.245239
6.244903
6.244700
6.244688
6.244575
6.244566
6.243932
6.243578
6.242904
6.242383
6.242121
6.241007
6.240995
6.239951
6.238611
6.238095
6.237242
6.237133
6.237063
6.235857
6.235832
6.235757
6.235740
6.234997
6.233946
6.233797
6.233768
6.233523
6.233089
6.232727
6.232636
6.232522
6.231468
6.230948
6.230697
6.230017
6.229616
6.229496
6.229453
6.229262
6.229227
6.228440
6.228081
6.227755
6.227582
6.227287
6.226338
6.226174
6.226089
6.225965
6.224612
6.224156
6.223903
6.223106
6.222597
6.221960
6.221358
6.221197
6.220634
6.220150
6.219926
6.219771
6.219653
6.219404
6.218679
6.218572
6.217555
6.217107
6.216523
6.215992
6.215177
6.214861
6.214351
6.214296
6.214292
6.213160
6.212578
6.212386
6.212324
6.211625
6.211285
6.211081
6.210627
6.210526
6.210119
6.209665
6.209359
6.209208
6.209126
6.208730
6.208702
6.208385
6.207805
6.206545
6.206534
6.205965
6.205227
6.204568
6.204093
6.203798
6.202675
6.201856
6.201472
6.201458
6.201169
6.201131
6.200838
6.200244
6.200154
6.199656
6.198576
6.197689
6.197466
6.197143
6.196803
6.195868
6.195229
6.194958
6.194849
6.194692
6.193971
6.193802
6.192832
6.192314
6.192241
6.192227
6.192181
6.191804
6.191030
6.190288
6.189964
6.189843
6.188077
6.187430
6.187321
6.185906
6.185257
6.185183
6.184215
6.184174
6.181813
6.181452
6.181095
6.180146
6.180123
6.178909
6.178503
6.178401
6.178122
6.176105
6.176066
6.175959
6.175565
6.173710
6.173669
6.173499
6.173365
6.173336
6.173047
6.172859
6.172267
6.172194
6.171750
6.171176
6.171076
6.170339
6.170311
6.169567
6.169097
6.168890
6.168087
6.167852
6.167037
6.167032
6.166875
6.164798
6.164602
6.164365
6.164272
6.161870
6.161811
6.161437
6.159922
6.159864
6.159453
6.159105
6.159101
6.158440
6.157731
6.157317
6.157175
6.157005
6.156356
6.155897
6.155687
6.155584
6.154977
6.154932
6.154826
6.154414
6.153915
6.153855
6.153597
6.153550
6.153531
6.153472
6.152973
6.152812
6.152730
6.150845
6.150732
6.150724
6.149809
6.148484
6.148458
6.147829
6.147502
6.147273
6.146736
6.146469
6.146327
6.145535
6.145167
6.144858
6.144292
6.144128
6.143450
6.143435
6.142936
6.142796
6.142692
6.142669
6.142156
6.142002
6.141046
6.141012
6.140552
6.140544
6.140532
6.139198
6.138887
6.138206
6.137708
6.137552
6.137389
6.137051
6.136215
6.136137
6.135819
6.135579
6.134774
6.134679
6.134666
6.134663
6.133994
6.133213
6.132794
6.132641
6.132562
6.131267
6.131258
6.130882
6.130621
6.130586
6.130386
6.130264
6.129766
6.129744
6.129518
6.128448
6.128101
6.127152
6.126974
6.126688
6.126494
6.125587
6.125565
6.125558
6.125470
6.124869
6.123581
6.123509
6.123157
6.123065
6.122739
6.122176
6.121471
6.120770
6.120273
6.120265
6.118847
6.116348
6.116098
6.116022
6.115968
6.115955
6.115350
6.115036
6.114826
6.114200
6.113996
6.113416
6.112872
6.112073
6.111922
6.111889
6.111881
6.111864
6.111080
6.110589
6.110342
6.109427
6.109395
6.108850
6.108011
6.107941
6.107390
6.107040
6.106281
6.105847
6.105191
6.104873
6.104832
6.104542
6.104364
6.104349
6.104052
6.103676
6.103620
6.103033
6.102831
6.102693
6.102553
6.102399
6.102145
6.101696
6.101211
6.100113
6.099987
6.099315
6.099154
6.099044
6.098704
6.098387
6.098097
6.097537
6.097135
6.096517
6.095779
6.095728
6.095133
6.095125
6.095061
6.094853
6.094057
6.091432
6.091160
6.090975
6.090880
6.090029
6.089967
6.089535
6.089325
6.088320
6.088283
6.087361
6.087250
6.086564
6.086182
6.085758
6.085581
6.085039
6.084869
6.084789
6.084723
6.084614
6.083991
6.082530
6.080956
6.080944
6.080943
6.079634
6.077975
6.077454
6.077433
6.077142
6.077086
6.077020
6.076918
6.076719
6.075836
6.075043
6.074994
6.074771
6.073874
6.073579
6.070367
6.069622
6.069508
6.069321
6.068964
6.068358
6.068337
6.068124
6.067169
6.067150
6.067137
6.066766
6.066578
6.065816
6.065285
6.064480
6.063650
6.063166
6.062675
6.062644
6.062510
6.062061
6.061553
6.061297
6.060834
6.060410
6.059426
6.059199
6.058148
6.057727
6.057076
6.056677
6.056643
6.056581
6.056204
6.056072
6.054846
6.054347
6.054344
6.053941
6.053810
6.053367
6.053194
6.052941
6.052372
6.052027
6.051775
6.051244
6.050496
6.049206
6.047814
6.047029
6.046850
6.046128
6.046070
6.046040
6.045661
6.045630
6.045079
6.043078
6.042881
6.042699
6.042526
6.041901
6.041383
6.041004
6.040499
6.040259
6.040178
6.039917
6.039808
6.039627
6.039339
6.039176
6.039164
6.039142
6.038134
6.038023
6.036456
6.036266
6.036011
6.035806
6.035714
6.035381
6.034841
6.033819
6.033814
6.033285
6.033214
6.032088
6.032082
6.031929
6.031246
6.031240
6.030943
6.030527
6.030497
6.030006
6.029963
6.028483
6.028318
6.027553
6.027429
6.027216
6.027180
6.026006
6.025887
6.024937
6.024841
6.024077
6.023509
6.022997
6.022744
6.022480
6.022037
6.021667
6.021626
6.021130
6.020637
6.020385
6.019755
6.019516
6.019304
6.019070
6.018670
6.018392
6.018174
6.017478
6.017386
6.016964
6.015895
6.014691
6.014220
6.014168
6.013701
6.013700
6.013625
6.013238
6.010018
6.008706
6.008614
6.007543
6.007287
6.007216
6.006498
6.006479
6.005304
6.005214
6.005205
6.004794
6.004550
6.004257
6.003790
6.003675
6.003666
6.002768
6.002686
6.002427
6.002222
6.001866
6.000757
6.000745
6.000364
5.999655
5.999560
5.998271
5.997986
5.997891
5.997219
5.997080
5.996827
5.996665
5.996465
5.995899
5.994528
5.994282
5.994089
5.993557
5.993445
5.993370
5.992792
5.992427
5.992277
5.991935
5.991932
5.990939
5.990790
5.988815
5.988715
5.988342
5.988252
5.988232
5.986569
5.986192
5.985851
5.985071
5.984695
5.984583
5.984293
5.984083
5.983703
5.982722
5.982323
5.982303
5.980558
5.980493
5.980051
5.979431
5.978895
5.977991
5.977536
5.977435
5.977046
5.976725
5.975695
5.973786
5.973537
5.972962
5.972028
5.971972
5.971863
5.971246
5.970694
5.969975
5.969528
5.969514
5.968790
5.968636
5.968568
5.966835
5.966796
5.965772
5.965400
5.964816
5.964158
5.963768
5.962202
5.962198
5.961756
5.961527
5.960817
5.960302
5.960248
5.959874
5.959682
5.959025
5.957703
5.957485
5.956271
5.955736
5.955176
5.954472
5.954380
5.953100
5.953005
5.952400
5.952320
5.951607
5.951534
5.951505
5.951056
5.951049
5.950919
5.950624
5.950536
5.949192
5.949015
5.948980
5.948509
5.948177
5.948015
5.946484
5.946405
5.946207
5.945952
5.945280
5.945000
5.944243
5.944003
5.943915
5.943900
5.943855
5.943570
5.943436
5.942605
5.942427
5.942074
5.941954
5.941296
5.940990
5.940906
5.940368
5.940157
5.939933
5.939808
5.939479
5.939262
5.938969
5.938037
5.937879
5.936800
5.935895
5.935502
5.935371
5.934881
5.934714
5.934182
5.933509
5.932621
5.932204
5.931502
5.930323
5.929755
5.929744
5.929391
5.929308
5.928861
5.928632
5.928313
5.928299
5.927234
5.926892
5.924915
5.924737
5.923838
5.923548
5.923250
5.923194
5.922913
5.922185
5.921394
5.921303
5.920756
5.919433
5.919282
5.918847
5.918645
5.918560
5.918446
5.917907
5.917213
5.915288
5.913482
5.912728
5.912079
5.911491
5.911043
5.910842
5.910464
5.909431
5.909356
5.909132
5.908872
5.908150
5.908042
5.907584
5.906932
5.905635
5.905461
5.904910
5.904745
5.903300
5.903116
5.902965
5.902744
5.902019
5.900425
5.899980
5.899701
5.899687
5.898200
5.897786
5.897268
5.897223
5.896587
5.895248
5.894161
5.892651
5.892610
5.892524
5.892277
5.890308
5.888894
5.888782
5.888392
5.887899
5.887590
5.887437
5.886986
5.886763
5.886729
5.886630
5.886393
5.885865
5.885653
5.884422
5.884305
5.883866
5.883424
5.883031
5.882044
5.881569
5.879967
5.879848
5.879120
5.878763
5.878537
5.877597
5.876699
5.876498
5.876444
5.876178
5.875783
5.875493
5.875287
5.874493
5.874426
5.874119
5.874067
5.872433
5.871718
5.871633
5.871063
5.870943
5.870404
5.867986
5.867814
5.867566
5.865476
5.863696
5.863034
5.862349
5.862313
5.862218
5.862105
5.861800
5.860558
5.860039
5.860020
5.859428
5.859395
5.858793
5.858634
5.858278
5.858040
5.857395
5.857285
5.857115
5.856428
5.856405
5.856178
5.856135
5.855865
5.855708
5.855707
5.855055
5.855026
5.854943
5.853362
5.851462
5.851083
5.847725
5.847467
5.846586
5.846480
5.846390
5.846384
5.846375
5.845895
5.845088
5.844622
5.844535
5.844262
5.844220
5.843989
5.843928
5.843549
5.842073
5.840786
5.840747
5.840200
5.839483
5.839186
5.839096
5.838406
5.837977
5.837819
5.836577
5.836195
5.835922
5.835612
5.835467
5.835169
5.834435
5.834032
5.833802
5.833396
5.832925
5.832884
5.832287
5.831214
5.830966
5.830307
5.829914
5.829402
5.828938
5.827863
5.827547
5.827425
5.826660
5.826416
5.825517
5.825378
5.824977
5.824118
5.823922
5.823534
5.823455
5.821404
5.820247
5.820227
5.819890
5.819358
5.819243
5.818262
5.818032
5.817652
5.817557
5.817208
5.816551
5.813514
5.812912
5.812122
5.812023
5.811969
5.811782
5.810595
5.810505
5.810258
5.809184
5.809105
5.808985
5.808854
5.808003
5.807493
5.806739
5.806571
5.806499
5.806036
5.805826
5.804842
5.804179
5.803760
5.803670
5.803366
5.802599
5.802492
5.802465
5.802396
5.802372
5.801952
5.801483
5.801160
5.800879
5.800777
5.800349
5.800302
5.800132
5.799441
5.798253
5.796711
5.796482
5.796456
5.795869
5.795213
5.793989
5.793842
5.793544
5.793007
5.792501
5.792446
5.792432
5.792361
5.791538
5.791445
5.791049
5.789915
5.789793
5.789003
5.787785
5.786254
5.785975
5.785704
5.785145
5.784282
5.784256
5.784244
5.783994
5.783962
5.783844
5.783754
5.782248
5.782166
5.781769
5.780077
5.780005
5.780003
5.779629
5.779472
5.779215
5.777994
5.777719
5.777549
5.776959
5.776780
5.776716
5.776602
5.776466
5.776182
5.775989
5.775979
5.775904
5.775895
5.775775
5.772918
5.771832
5.771635
5.771558
5.770293
5.769966
5.769961
5.769506
5.767950
5.767631
5.767626
5.767541
5.766801
5.765919
5.764738
5.764554
5.763956
5.763946
5.763903
5.763029
5.762545
5.762534
5.762117
5.760870
5.760474
5.759196
5.759130
5.758957
5.758887
5.758462
5.757795
5.757444
5.757343
5.757261
5.757058
5.756593
5.756526
5.755136
5.755120
5.754729
5.754545
5.754399
5.754189
5.753844
5.753185
5.753072
5.752949
5.751791
5.751209
5.750095
5.749689
5.749621
5.747483
5.747303
5.747020
5.746460
5.745747
5.745373
5.745324
5.744201
5.743855
5.743565
5.743094
5.742233
5.741158
5.739947
5.739429
5.739295
5.738508
5.738442
5.738351
5.738215
5.737787
5.737219
5.736397
5.735998
5.733872
5.733151
5.732772
5.732232
5.731928
5.731033
5.730701
5.730304
5.729446
5.729332
5.729289
5.729018
5.728811
5.728512
5.728479
5.727406
5.726882
5.726495
5.726443
5.726385
5.725846
5.725233
5.725102
5.724687
5.724226
5.723978
5.723684
5.723078
5.722923
5.722377
5.722353
5.721319
5.720994
5.720448
5.720315
5.720046
5.719881
5.719593
5.717827
5.717525
5.717351
5.717144
5.717049
5.716603
5.716581
5.716157
5.715934
5.714583
5.714575
5.714207
5.713738
5.713615
5.713133
5.712349
5.711987
5.710855
5.710602
5.710192
5.710083
5.709085
5.709024
5.707789
5.705877
5.705665
5.705107
5.704410
5.704188
5.703259
5.702565
5.702247
5.701608
5.701498
5.700927
5.700756
5.700692
5.700679
5.699741
5.698798
5.698740
5.698407
5.697615
5.696740
5.694800
5.694665
5.693362
5.693284
5.693134
5.692736
5.692461
5.691994
5.691771
5.691467
5.691089
5.690873
5.690432
5.690361
5.689926
5.689819
5.689511
5.689455
5.689000
5.688374
5.687499
5.684918
5.684204
5.684006
5.683942
5.682935
5.682864
5.682488
5.682415
5.682280
5.681846
5.681711
5.681623
5.680760
5.680463
5.679579
5.679318
5.678601
5.678187
5.677402
5.677212
5.675998
5.675600
5.675312
5.675164
5.674803
5.673944
5.672833
5.672524
5.671705
5.671535
5.670903
5.670000
5.669933
5.669773
5.669703
5.669617
5.669391
5.669337
5.668540
5.668017
5.667662
5.666096
5.665761
5.663938
5.663780
5.663576
5.663523
5.663440
5.662584
5.661741
5.661731
5.661614
5.661604
5.660696
5.659857
5.659724
5.659508
5.658893
5.658615
5.658273
5.658203
5.657543
5.657231
5.656971
5.656660
5.656281
5.655992
5.654841
5.653769
5.653591
5.653088
5.652079
5.651381
5.651365
5.650254
5.649876
5.649693
5.649666
5.649052
5.648199
5.647959
5.647187
5.646257
5.645999
5.645861
5.645679
5.644274
5.642863
5.642829
5.642577
5.642434
5.642236
5.641458
5.641379
5.639551
5.638085
5.636607
5.636539
5.636417
5.636355
5.636028
5.635020
5.634413
5.634284
5.634055
5.633664
5.632667
5.632459
5.630383
5.630347
5.630244
5.629258
5.628469
5.628061
5.627245
5.627172
5.625900
5.625870
5.625688
5.625567
5.625393
5.625307
5.625214
5.625197
5.624769
5.624241
5.623762
5.623413
5.623133
5.622945
5.622440
5.622066
5.621538
5.621015
5.620637
5.620451
5.620272
5.619625
5.618384
5.617666
5.617138
5.616143
5.615807
5.615235
5.615133
5.614892
5.614161
5.613899
5.613584
5.613231
5.612941
5.612913
5.611352
5.610807
5.610716
5.610440
5.609994
5.608707
5.606567
5.606401
5.605626
5.605567
5.605487
5.604969
5.604867
5.604169
5.603849
5.603013
5.602539
5.602330
5.602250
5.602071
5.601470
5.601131
5.599670
5.599393
5.598690
5.598073
5.597327
5.596985
5.596835
5.596358
5.594992
5.594736
5.594306
5.594110
5.594106
5.594090
5.593984
5.592877
5.591763
5.591368
5.590457
5.590234
5.589895
5.589530
5.589158
5.587831
5.587385
5.587125
5.586741
5.586544
5.586367
5.586022
5.585644
5.585366
5.585207
5.585166
5.584859
5.583794
5.582383
5.582078
5.580659
5.580468
5.580422
5.580335
5.579885
5.579763
5.579746
5.579599
5.579205
5.579166
5.578801
5.578287
5.577624
5.577431
5.577422
5.577227
5.576644
5.575821
5.574975
5.574801
5.574245
5.573642
5.573501
5.573431
5.572468
5.571919
5.571225
5.571217
5.570358
5.569710
5.569423
5.568642
5.567928
5.567546
5.566845
5.566555
5.565612
5.565274
5.564595
5.564590
5.564517
5.564058
5.562096
5.561898
5.561793
5.561630
5.561324
5.561015
5.560912
5.560663
5.560310
5.559933
5.559784
5.559760
5.557717
5.556093
5.555839
5.555780
5.554722
5.554641
5.554535
5.554494
5.553553
5.552553
5.552195
5.551465
5.551435
5.551086
5.551043
5.551026
5.550022
5.549444
5.548359
5.548287
5.546844
5.546772
5.545946
5.543941
5.543519
5.542354
5.541814
5.541348
5.541156
5.540817
5.540675
5.540662
5.540502
5.540473
5.538765
5.537887
5.537680
5.537665
5.537383
5.536838
5.536798
5.536136
5.535950
5.535188
5.534993
5.532033
5.531549
5.531545
5.531463
5.531423
5.531039
5.530452
5.530209
5.529194
5.529025
5.528779
5.528569
5.528035
5.526883
5.526757
5.524886
5.524071
5.523782
5.523369
5.521925
5.521750
5.521512
5.521130
5.520286
5.519646
5.518681
5.518579
5.518445
5.517123
5.517023
5.515986
5.515602
5.515515
5.515328
5.514752
5.513108
5.511549
5.511525
5.511110
5.509686
5.509274
5.509093
5.508332
5.508252
5.507377
5.506864
5.506032
5.505085
5.504920
5.504849
5.504053
5.503326
5.503145
5.502751
5.502048
5.501533
5.501279
5.499334
5.499181
5.499050
5.497448
5.495636
5.495529
5.495427
5.495424
5.493824
5.493734
5.493500
5.493184
5.493160
5.492674
5.492518
5.491925
5.491866
5.489735
5.489568
5.488948
5.487768
5.487452
5.487069
5.486540
5.486169
5.486092
5.484277
5.483680
5.483585
5.483148
5.483103
5.482666
5.482267
5.481506
5.480721
5.480082
5.480020
5.479700
5.479266
5.477943
5.477252
5.476625
5.476527
5.476341
5.475803
5.475202
5.474961
5.474406
5.474024
5.473539
5.472281
5.471936
5.471898
5.471627
5.471136
5.471081
5.470447
5.470194
5.470054
5.469680
5.469532
5.469531
5.468863
5.468695
5.467968
5.467828
5.467813
5.467337
5.467247
5.466623
5.466339
5.465318
5.465174
5.464864
5.464829
5.464542
5.464402
5.464396
5.464097
5.462914
5.462733
5.462417
5.462281
5.461910
5.460463
5.460179
5.459619
5.459597
5.458642
5.458272
5.458137
5.457843
5.457511
5.457511
5.457378
5.456933
5.454802
5.454397
5.453845
5.453298
5.453276
5.452890
5.452466
5.452085
5.452042
5.451998
5.451351
5.451341
5.451169
5.450863
5.449845
5.449248
5.449118
5.449015
5.448998
5.448247
5.447688
5.447479
5.446255
5.445876
5.445278
5.444690
5.443774
5.443521
5.443400
5.443233
5.443051
5.442615
5.442044
5.442015
5.441680
5.440524
5.439581
5.439553
5.439377
5.439023
5.438723
5.438256
5.438116
5.437804
5.437269
5.436707
5.435843
5.435637
5.435269
5.435153
5.434755
5.434611
5.434585
5.434364
5.433689
5.433078
5.432969
5.432187
5.431871
5.430833
5.430562
5.429763
5.428980
5.428353
5.427802
5.427627
5.427560
5.427309
5.427158
5.427086
5.425972
5.425932
5.425260
5.424829
5.424400
5.424324
5.424180
5.423720
5.422493
5.422366
5.421463
5.421188
5.419714
5.419411
5.418552
5.417240
5.417000
5.416619
5.416505
5.416416
5.416020
5.415226
5.414939
5.414896
5.414662
5.412337
5.411775
5.410946
5.410390
5.410175
5.409359
5.409222
5.409148
5.408762
5.407947
5.405602
5.405552
5.404503
5.402775
5.402143
5.402125
5.401950
5.401817
5.401008
5.400790
5.400643
5.400224
5.399614
5.399446
5.399235
5.399132
5.398245
5.397748
5.397692
5.397657
5.397534
5.397531
5.397432
5.397180
5.396466
5.396057
5.394256
5.393760
5.393519
5.393216
5.392187
5.391809
5.390968
5.390804
5.390443
5.389793
5.388855
5.388617
5.387998
5.387829
5.387362
5.385786
5.385470
5.385217
5.384760
5.384055
5.383648
5.380512
5.380294
5.380125
5.379197
5.378676
5.378160
5.377944
5.377841
5.377100
5.376777
5.376335
5.375922
5.374719
5.374044
5.374004
5.373838
5.373764
5.373099
5.372796
5.371868
5.371317
5.371094
5.370446
5.370286
5.369690
5.369410
5.366445
5.365638
5.365398
5.365286
5.365205
5.364029
5.363729
5.362771
5.362364
5.362065
5.361796
5.361100
5.360775
5.359674
5.359029
5.358888
5.358620
5.358533
5.357816
5.356974
5.356018
5.354815
5.354176
5.353237
5.350604
5.349627
5.349323
5.348811
5.347820
5.347643
5.347330
5.346763
5.346622
5.345984
5.345775
5.344679
5.343947
5.342775
5.342638
5.342438
5.341949
5.341784
5.341662
5.341588
5.341556
5.341517
5.340920
5.340841
5.340300
5.340262
5.339267
5.338727
5.338712
5.336555
5.336408
5.336186
5.335419
5.335245
5.334783
5.334089
5.333162
5.332888
5.332603
5.331219
5.330881
5.330472
5.329509
5.327802
5.327088
5.326269
5.324957
5.324939
5.323586
5.323424
5.323207
5.322667
5.319427
5.319173
5.319115
5.318995
5.318553
5.317669
5.316898
5.316594
5.316524
5.315628
5.314388
5.314300
5.314260
5.313258
5.312931
5.312838
5.310736
5.310211
5.310187
5.309958
5.308770
5.308461
5.307762
5.305946
5.305672
5.305646
5.305630
5.305393
5.305158
5.305128
5.305095
5.304976
5.304366
5.303808
5.303735
5.303356
5.303354
5.303330
5.302945
5.302905
5.302897
5.302188
5.301354
5.301050
5.300577
5.299460
5.299421
5.299106
5.298894
5.296547
5.296460
5.295709
5.293798
5.293760
5.293737
5.293595
5.293550
5.293408
5.293038
5.292874
5.292832
5.291817
5.291331
5.291205
5.290732
5.290648
5.290528
5.290508
5.288391
5.288374
5.287307
5.287272
5.286832
5.285509
5.285409
5.285363
5.285325
5.285013
5.283832
5.283277
5.282663
5.281775
5.279800
5.279639
5.279280
5.279222
5.278536
5.278196
5.277181
5.276752
5.276134
5.276130
5.274487
5.274408
5.274217
5.273689
5.273678
5.273236
5.273045
5.272384
5.271947
5.271385
5.270700
5.269957
5.269692
5.268483
5.268303
5.267308
5.266774
5.265499
5.265265
5.264924
5.264031
5.263844
5.263810
5.262472
5.261771
5.261649
5.261316
5.261142
5.260635
5.260613
5.260205
5.260009
5.258311
5.258071
5.257927
5.257888
5.257616
5.256364
5.255700
5.255437
5.255304
5.254931
5.253757
5.253628
5.252807
5.252756
5.252649
5.252233
5.250866
5.250718
5.249902
5.249155
5.248055
5.247738
5.247645
5.247436
5.246966
5.245162
5.244253
5.244108
5.243687
5.243011
5.242625
5.242138
5.241535
5.241488
5.241359
5.240545
5.239990
5.239954
5.239596
5.239569
5.239459
5.239429
5.237536
5.236214
5.234961
5.233724
5.233252
5.233078
5.232401
5.232310
5.232310
5.231391
5.231100
5.230966
5.230358
5.230330
5.230022
5.229986
5.229955
5.229740
5.229051
5.228985
5.228552
5.228035
5.227523
5.226173
5.226068
5.225967
5.225701
5.224521
5.223207
5.222918
5.222709
5.222149
5.222063
5.221632
5.221273
5.221224
5.220994
5.219705
5.219640
5.217896
5.217690
5.216574
5.216168
5.215838
5.215509
5.215113
5.214411
5.213519
5.212780
5.211226
5.210284
5.210104
5.209701
5.209700
5.209398
5.209280
5.208893
5.208766
5.207996
5.207825
5.207391
5.206749
5.205827
5.204906
5.204823
5.204818
5.203329
5.202580
5.202415
5.202369
5.202003
5.201396
5.200989
5.200787
5.200264
5.199962
5.199057
5.198541
5.198390
5.197278
5.196553
5.196425
5.195382
5.195324
5.194785
5.194604
5.193233
5.192774
5.192664
5.192430
5.191687
5.191655
5.190737
5.189085
5.188036
5.187728
5.186769
5.186253
5.186043
5.185244
5.184967
5.184521
5.184046
5.184045
5.183455
5.182342
5.181880
5.181873
5.180854
5.180790
5.180504
5.178158
5.177927
5.177720
5.177295
5.176930
5.176424
5.175294
5.174545
5.173183
5.172482
5.172347
5.172064
5.171790
5.169897
5.169430
5.169028
5.168920
5.168631
5.168114
5.168018
5.167818
5.167532
5.165114
5.164786
5.163741
5.163503
5.162855
5.162758
5.162730
5.161108
5.160882
5.160639
5.159609
5.158515
5.156934
5.156524
5.156011
5.155979
5.154220
5.153162
5.152610
5.150951
5.148121
5.147560
5.147311
5.146821
5.146713
5.146605
5.145998
5.145230
5.143847
5.143800
5.142499
5.142100
5.142085
5.141534
5.140639
5.140554
5.139832
5.139423
5.139392
5.138836
5.136885
5.136866
5.136012
5.135937
5.135459
5.135307
5.134950
5.134717
5.134661
5.134121
5.134041
5.133673
5.132856
5.132226
5.131559
5.131547
5.131044
5.130565
5.130140
5.129985
5.129854
5.129529
5.127108
5.126602
5.126285
5.126203
5.125747
5.125522
5.124938
5.124485
5.124273
5.123605
5.122714
5.122169
5.120993
5.120818
5.120349
5.120248
5.119971
5.119684
5.119283
5.119252
5.118304
5.118045
5.118036
5.117500
5.117077
5.117030
5.117011
5.117010
5.116547
5.116031
5.115594
5.114692
5.114555
5.114465
5.114295
5.114291
5.113545
5.113299
5.112997
5.112855
5.112770
5.112697
5.112505
5.112245
5.111940
5.111921
5.111735
5.111235
5.109146
5.109128
5.108985
5.108868
5.108718
5.108672
5.108291
5.108149
5.107951
5.107749
5.106416
5.106224
5.105207
5.105186
5.105095
5.103089
5.102654
5.101966
5.100782
5.100604
5.100492
5.100306
5.100297
5.100116
5.099909
5.099041
5.098262
5.097976
5.097971
5.097531
5.096851
5.096745
5.096677
5.096598
5.096430
5.095157
5.094097
5.094088
5.091650
5.090685
5.090569
5.090383
5.089831
5.089702
5.088656
5.088231
5.087781
5.087018
5.086851
5.086544
5.086503
5.086115
5.086100
5.085593
5.085015
5.084252
5.082026
5.081896
5.080238
5.079935
5.079699
5.078249
5.076782
5.076573
5.076504
5.075583
5.075063
5.074980
5.074281
5.073165
5.072329
5.072176
5.071826
5.071536
5.070392
5.070089
5.069323
5.069163
5.068412
5.068374
5.068029
5.067520
5.067332
5.066014
5.065823
5.065150
5.064939
5.064930
5.064706
5.064664
5.063479
5.062368
5.061599
5.061562
5.060337
5.060219
5.060215
5.059570
5.059481
5.059039
5.058194
5.057991
5.057722
5.057704
5.057292
5.055735
5.055666
5.055614
5.055196
5.055192
5.054843
5.054721
5.054164
5.053863
5.052835
5.052310
5.052211
5.051816
5.051779
5.050908
5.050877
5.050494
5.050247
5.049662
5.049455
5.048603
5.047990
5.047748
5.047604
5.046814
5.046320
5.045707
5.045053
5.044662
5.044527
5.043807
5.041890
5.041880
5.041880
5.040776
5.040230
5.037926
5.037579
5.037339
5.037292
5.037218
5.036633
5.036356
5.035820
5.034440
5.034275
5.034193
5.033390
5.033260
5.033252
5.032401
5.031691
5.031466
5.030927
5.030578
5.030102
5.029459
5.028817
5.028267
5.024084
5.023960
5.023487
5.023124
5.023063
5.022759
5.021406
5.021288
5.020332
5.020296
5.020196
5.020061
5.019161
5.017927
5.017596
5.017135
5.016623
5.016565
5.016134
5.015841
5.015597
5.014839
5.014419
5.014305
5.014076
5.013797
5.010229
5.009514
5.009270
5.006032
5.005093
5.004972
5.004786
5.004726
5.004343
5.004187
5.003248
5.002727
5.002344
5.001872
5.001712
5.000703
5.000341
5.000294
5.000090
