9.999756
9.995776
9.995618
9.994953
9.992475
9.989244
9.982277
9.980245
9.970140
9.969629
9.969587
9.965635
9.962322
9.961258
9.958286
9.957189
9.950759
9.949456
9.949189
9.947413
9.946376
9.946242
9.945098
9.943862
9.943798
9.940155
9.940098
9.939059
9.932316
9.932138
9.931151
9.927095
9.926815
9.923964
9.921619
9.920066
9.919710
9.919019
9.918990
9.916758
9.916639
9.914845
9.909800
9.907661
9.907566
9.907164
9.905182
9.902297
9.900826
9.892715
9.890175
9.888762
9.886060
9.886006
9.884403
9.883346
9.883155
9.882779
9.879562
9.871135
9.870912
9.869576
9.865570
9.862886
9.860974
9.860191
9.858905
9.855989
9.851582
9.851552
9.846859
9.846189
9.843772
9.842867
9.840705
9.834017
9.832860
9.832205
9.829090
9.828611
9.827243
9.827175
9.823389
9.820927
9.818896
9.818003
9.817526
9.817109
9.816537
9.813333
9.813210
9.812649
9.811572
9.806887
9.803763
9.802533
9.801488
9.798493
9.798016
9.796041
9.795425
9.794235
9.793234
9.792379
9.787056
9.786255
9.785122
9.784481
9.781425
9.780341
9.779497
9.776334
9.776135
9.774265
9.771261
9.769858
9.766624
9.765935
9.765710
9.756365
9.753451
9.750902
9.746353
9.745373
9.741579
9.739136
9.738817
9.733932
9.733755
9.733065
9.733026
9.730690
9.730459
9.728818
9.728437
9.727727
9.726176
9.725663
9.724318
9.723062
9.717534
9.717426
9.717012
9.711697
9.710593
9.698660
9.697960
9.694111
9.692425
9.690203
9.689933
9.689740
9.688967
9.687280
9.681911
9.680199
9.679851
9.675611
9.668260
9.666615
9.662304
9.662175
9.661997
9.661631
9.660815
9.658126
9.657928
9.655273
9.651681
9.649469
9.648303
9.647432
9.646397
9.643457
9.641198
9.641103
9.640587
9.639566
9.637562
9.630331
9.629423
9.624569
9.623680
9.623668
9.623651
9.622997
9.621885
9.621395
9.620527
9.619993
9.619166
9.613806
9.613761
9.612755
9.612560
9.612556
9.611348
9.610191
9.608669
9.603881
9.603072
9.600309
9.599743
9.594904
9.593311
9.590609
9.588256
9.585238
9.585233
9.584308
9.582759
9.581662
9.581095
9.579376
9.576771
9.576312
9.566288
9.565685
9.565190
9.563670
9.562301
9.555374
9.554910
9.551753
9.549675
9.546462
9.545468
9.541431
9.539507
9.538058
9.536161
9.535590
9.534590
9.534434
9.533471
9.529459
9.529423
9.528038
9.526829
9.526066
9.523903
9.522671
9.520720
9.520570
9.519213
9.518859
9.512997
9.512357
9.509651
9.507042
9.506293
9.505142
9.504793
9.504752
9.504374
9.502515
9.501358
9.500630
9.498471
9.498423
9.496856
9.488826
9.478713
9.477674
9.476858
9.473955
9.469008
9.468421
9.465767
9.463901
9.463638
9.463116
9.462954
9.459510
9.458701
9.457091
9.451218
9.451015
9.450349
9.450272
9.445448
9.442723
9.436234
9.432631
9.430279
9.423235
9.422529
9.421046
9.419535
9.415012
9.414511
9.413761
9.412871
9.406486
9.404116
9.403831
9.400207
9.398667
9.396175
9.389382
9.379512
9.378334
9.377784
9.373686
9.370589
9.366503
9.365709
9.363798
9.362668
9.360753
9.359784
9.358895
9.358894
9.358307
9.356092
9.355044
9.354397
9.353960
9.345422
9.345358
9.344119
9.342443
9.340740
9.339468
9.338383
9.329880
9.328073
9.326454
9.325197
9.323866
9.320453
9.319157
9.314856
9.313186
9.311527
9.305216
9.303403
9.290537
9.288723
9.288559
9.283544
9.281966
9.281490
9.281284
9.280812
9.276869
9.275474
9.275085
9.273910
9.272562
9.271889
9.270298
9.270193
9.265291
9.264378
9.264205
9.263083
9.262524
9.261463
9.258989
9.256787
9.256682
9.256306
9.255600
9.255018
9.250528
9.244094
9.240273
9.237075
9.230803
9.230243
9.224279
9.221951
9.220986
9.218451
9.217292
9.216214
9.215385
9.214641
9.213490
9.210700
9.207099
9.198930
9.191405
9.190069
9.189964
9.175819
9.175053
9.174931
9.172912
9.166478
9.165260
9.164377
9.163393
9.161883
9.160989
9.158064
9.156007
9.155467
9.155125
9.155119
9.152242
9.148856
9.148272
9.146759
9.146205
9.145251
9.140782
9.140712
9.139975
9.132539
9.131371
9.130199
9.128370
9.127378
9.126858
9.119283
9.118213
9.116891
9.115995
9.113578
9.113025
9.111923
9.108948
9.108614
9.108180
9.107571
9.107446
9.106549
9.105440
9.105154
9.101401
9.100151
9.098250
9.097577
9.097406
9.095345
9.093000
9.090767
9.089946
9.082997
9.079707
9.076572
9.072379
9.071611
9.061093
9.060991
9.059840
9.059681
9.057213
9.057144
9.056796
9.056731
9.045133
9.043827
9.043637
9.037319
9.035519
9.033016
9.031525
9.031522
9.030005
9.028774
9.028056
9.025235
9.022383
9.020317
9.018359
9.016396
9.012477
9.010806
9.005014
8.999753
8.999239
8.997822
8.996161
8.993582
8.993330
8.992496
8.991239
8.988019
8.987560
8.981321
8.980516
8.970740
8.968874
8.968114
8.958626
8.958183
8.956615
8.955664
8.955582
8.955332
8.944995
8.942513
8.940716
8.939117
8.936317
8.934559
8.933107
8.929354
8.928619
8.927410
8.927094
8.924425
8.924210
8.923396
8.921125
8.920746
8.919756
8.918658
8.915031
8.909513
8.909135
8.907627
8.906826
8.897468
8.893244
8.892217
8.881907
8.880773
8.875970
8.875593
8.875315
8.870312
8.864122
8.863419
8.862380
8.862004
8.857845
8.856832
8.855358
8.852839
8.846682
8.844158
8.843976
8.842072
8.841821
8.841615
8.838302
8.835087
8.834391
8.833057
8.829290
8.824576
8.823413
8.823000
8.820360
8.814378
8.811550
8.808788
8.806004
8.804599
8.804568
8.802464
8.799721
8.799032
8.795025
8.794536
8.791703
8.791680
8.789955
8.782813
8.779830
8.778190
8.777847
8.775648
8.772426
8.770728
8.762387
8.761312
8.758472
8.757649
8.757275
8.752316
8.749909
8.748951
8.746876
8.745365
8.745007
8.744869
8.742480
8.738386
8.734799
8.733272
8.730606
8.727866
8.727559
8.726372
8.723122
8.723051
8.720810
8.720704
8.719876
8.719411
8.718332
8.714056
8.713532
8.712727
8.712376
8.710123
8.709846
8.708248
8.707325
8.704734
8.704719
8.703974
8.703939
8.700147
8.698719
8.698693
8.697916
8.687395
8.686887
8.686828
8.686602
8.685934
8.684253
8.683485
8.679547
8.679027
8.672439
8.671869
8.671726
8.671381
8.667584
8.667252
8.661257
8.658363
8.655853
8.652149
8.650471
8.648463
8.641096
8.636519
8.635725
8.633661
8.633592
8.632719
8.632009
8.629933
8.628325
8.626673
8.623777
8.623256
8.622302
8.620880
8.619576
8.617387
8.612309
8.605617
8.604407
8.600634
8.598087
8.595592
8.590027
8.589456
8.583383
8.583089
8.583050
8.582968
8.582429
8.582399
8.579899
8.579589
8.576230
8.575354
8.573313
8.573210
8.573085
8.572307
8.570105
8.569882
8.568787
8.565750
8.564234
8.563368
8.559806
8.556932
8.554757
8.548378
8.547018
8.546904
8.546304
8.542818
8.539996
8.539124
8.538553
8.537994
8.537711
8.537469
8.535477
8.535015
8.534595
8.531222
8.528536
8.525328
8.524441
8.524277
8.517610
8.517008
8.516501
8.514791
8.508255
8.506296
8.504485
8.502981
8.499224
8.499125
8.497807
8.494950
8.494849
8.494328
8.494176
8.488049
8.486073
8.481926
8.479478
8.479429
8.478614
8.477682
8.477401
8.477236
8.476450
8.473197
8.470921
8.470274
8.468916
8.468324
8.467579
8.466993
8.466806
8.466022
8.465754
8.464482
8.461452
8.460835
8.458529
8.454253
8.447171
8.446850
8.441974
8.440976
8.440554
8.434648
8.431679
8.431650
8.431579
8.431200
8.429828
8.428557
8.427089
8.427012
8.424324
8.417988
8.415684
8.414215
8.406327
8.402958
8.399343
8.397984
8.393988
8.391893
8.390646
8.390634
8.386311
8.384095
8.384003
8.383669
8.382828
8.382316
8.381206
8.376874
8.375704
8.373899
8.372907
8.371888
8.369092
8.363441
8.361103
8.361039
8.360556
8.359919
8.358750
8.357038
8.355664
8.350410
8.350321
8.347227
8.343781
8.343721
8.340230
8.337111
8.326538
8.324195
8.323353
8.322616
8.315254
8.312593
8.312449
8.309496
8.309478
8.309446
8.306994
8.305586
8.305201
8.304892
8.303689
8.302651
8.299765
8.297576
8.296377
8.295555
8.292945
8.291164
8.289663
8.289303
8.288741
8.287329
8.285998
8.283786
8.281738
8.278623
8.277172
8.275901
8.274154
8.266925
8.262943
8.261774
8.261447
8.260514
8.259348
8.259221
8.258024
8.255461
8.254796
8.251487
8.251139
8.251109
8.249669
8.249052
8.247921
8.245506
8.243478
8.238654
8.237220
8.236282
8.236038
8.233086
8.231449
8.226730
8.221678
8.221390
8.220303
8.215188
8.214760
8.213036
8.211974
8.210875
8.206471
8.205692
8.205591
8.200153
8.198782
8.196527
8.194792
8.191082
8.183515
8.181326
8.177691
8.177209
8.176855
8.170442
8.170294
8.163847
8.162827
8.160753
8.158121
8.156337
8.155029
8.153510
8.149339
8.139729
8.137310
8.136483
8.135081
8.134830
8.134443
8.124153
8.122186
8.121750
8.120914
8.118381
8.117610
8.112817
8.112738
8.108469
8.107313
8.105890
8.105288
8.104782
8.103501
8.103067
8.102986
8.100637
8.100595
8.099507
8.098131
8.098038
8.096506
8.094770
8.093740
8.092205
8.091537
8.089261
8.088759
8.087773
8.085060
8.083598
8.080478
8.076097
8.071656
8.071625
8.071255
8.070041
8.067877
8.062384
8.061264
8.060065
8.058573
8.056811
8.051065
8.051047
8.050945
8.049183
8.049165
8.045672
8.044803
8.039580
8.036854
8.023311
8.020859
8.019977
8.017296
8.016302
8.016239
8.015621
8.010395
8.008959
8.006359
8.005510
7.998558
7.997245
7.997083
7.996798
7.995542
7.993770
7.989722
7.985375
7.984305
7.983220
7.982374
7.982370
7.982271
7.976337
7.975451
7.975354
7.973821
7.973734
7.972248
7.969981
7.965077
7.960502
7.955911
7.955879
7.955051
7.954349
7.947834
7.943239
7.938656
7.937187
7.936548
7.933918
7.932529
7.925987
7.924346
7.923845
7.922540
7.922472
7.918416
7.916589
7.915240
7.911762
7.910325
7.907827
7.904415
7.900929
7.900240
7.899704
7.898910
7.894645
7.894139
7.890105
7.887485
7.886938
7.885089
7.885083
7.881670
7.880536
7.880399
7.879766
7.879729
7.879710
7.878742
7.878035
7.875297
7.871819
7.867349
7.864980
7.851695
7.851678
7.850525
7.848825
7.848375
7.848058
7.847149
7.845508
7.843967
7.839237
7.836575
7.834064
7.833643
7.832710
7.831662
7.826816
7.825887
7.823832
7.820634
7.817178
7.807336
7.806450
7.805757
7.803583
7.802613
7.802386
7.802260
7.801190
7.798989
7.798822
7.796949
7.796819
7.795245
7.793330
7.791527
7.789940
7.789526
7.786399
7.784108
7.780840
7.780489
7.778750
7.778028
7.777577
7.776885
7.776083
7.773211
7.771701
7.771278
7.770099
7.767438
7.766891
7.764904
7.763064
7.760540
7.757928
7.756892
7.754018
7.753089
7.752338
7.751565
7.750282
7.748543
7.747535
7.746176
7.744760
7.742342
7.741449
7.740236
7.738431
7.733252
7.732025
7.731831
7.731645
7.731308
7.726592
7.722935
7.721584
7.718075
7.712503
7.712276
7.709459
7.708490
7.707946
7.703869
7.701294
7.699179
7.698894
7.694050
7.693987
7.685857
7.679594
7.678732
7.677171
7.675886
7.668839
7.668071
7.665633
7.663868
7.663796
7.663474
7.663074
7.659891
7.656151
7.655730
7.649934
7.646220
7.646150
7.644552
7.643836
7.643464
7.642780
7.639021
7.637951
7.637129
7.632175
7.631560
7.630806
7.630562
7.628939
7.628188
7.627355
7.625588
7.621189
7.620340
7.619612
7.618462
7.616401
7.613957
7.612773
7.611028
7.604176
7.604169
7.595988
7.595685
7.595148
7.593633
7.593607
7.592251
7.591116
7.588181
7.588161
7.585049
7.584603
7.583860
7.579670
7.578487
7.578453
7.578076
7.574869
7.570587
7.570580
7.565993
7.563438
7.559914
7.555882
7.555403
7.555127
7.554204
7.551546
7.551530
7.551091
7.548885
7.547865
7.547219
7.546551
7.546081
7.536673
7.536523
7.536307
7.536179
7.535393
7.534608
7.533462
7.531925
7.531814
7.530127
7.528856
7.528470
7.526129
7.524762
7.519707
7.512165
7.510078
7.509664
7.508221
7.504917
7.504526
7.502324
7.501212
7.500657
7.499254
7.499090
7.497895
7.496285
7.495880
7.495834
7.494404
7.480257
7.476336
7.475058
7.473338
7.466909
7.466623
7.466231
7.462590
7.455859
7.455638
7.455558
7.445015
7.441855
7.439898
7.439209
7.438565
7.436742
7.436131
7.435952
7.434993
7.434342
7.427626
7.427044
7.422519
7.422304
7.422171
7.421515
7.421467
7.420583
7.414775
7.414340
7.411845
7.411033
7.409077
7.408677
7.408443
7.406484
7.402235
7.400091
7.400055
7.399521
7.399213
7.396378
7.393564
7.390832
7.387784
7.387401
7.386660
7.385550
7.381907
7.381640
7.380182
7.379904
7.378154
7.376872
7.374311
7.372722
7.367869
7.365900
7.365818
7.364183
7.361639
7.360144
7.359626
7.357493
7.353789
7.350731
7.348737
7.347133
7.343808
7.336639
7.336546
7.332220
7.330995
7.330175
7.330091
7.329951
7.329638
7.327461
7.323123
7.313356
7.311206
7.309782
7.306392
7.305264
7.302966
7.301449
7.299904
7.299194
7.297531
7.295374
7.291479
7.282994
7.279913
7.279833
7.279074
7.277618
7.276390
7.273702
7.271755
7.269888
7.269039
7.268934
7.262604
7.260814
7.258225
7.258100
7.255838
7.253875
7.252183
7.250190
7.240303
7.237357
7.236995
7.235607
7.233354
7.229623
7.227573
7.227077
7.225491
7.222589
7.221996
7.221760
7.218524
7.215941
7.215531
7.212362
7.208707
7.208363
7.207675
7.207165
7.205597
7.204875
7.201747
7.200725
7.200632
7.199144
7.196174
7.194529
7.187107
7.186229
7.185602
7.185046
7.183381
7.181588
7.179924
7.179924
7.168168
7.167367
7.165972
7.163560
7.161374
7.159806
7.152932
7.143465
7.143024
7.142505
7.138853
7.137549
7.137175
7.133824
7.130457
7.129458
7.129368
7.127910
7.124153
7.121471
7.119007
7.118444
7.117464
7.116270
7.115729
7.115659
7.115518
7.115360
7.115109
7.114062
7.113897
7.113756
7.107861
7.104242
7.103043
7.102267
7.102165
7.101970
7.099828
7.097615
7.097077
7.094109
7.093675
7.091946
7.091356
7.086412
7.086055
7.084346
7.083261
7.082650
7.079771
7.079354
7.077939
7.074756
7.074363
7.072399
7.071971
7.071488
7.070627
7.070561
7.066829
7.066033
7.064547
7.063914
7.060269
7.059758
7.059603
7.057890
7.057428
7.056339
7.055869
7.053528
7.053408
7.047870
7.046926
7.046775
7.045504
7.045124
7.045092
7.043878
7.039871
7.039019
7.036660
7.031421
7.029428
7.027912
7.027596
7.027079
7.026557
7.024996
7.024784
7.024716
7.020397
7.018457
7.018415
7.017019
7.013040
7.012289
7.011995
7.011808
7.011395
7.005607
7.004413
7.001986
7.000399
6.999296
6.997743
6.996846
6.996819
6.994400
6.993951
6.988354
6.986895
6.985748
6.985188
6.982417
6.982018
6.980167
6.978432
6.977053
6.968836
6.965833
6.963950
6.961462
6.959330
6.959002
6.957264
6.957151
6.956659
6.946641
6.945120
6.940849
6.940770
6.938106
6.936144
6.935573
6.934739
6.932235
6.931039
6.924460
6.923104
6.922531
6.921291
6.918821
6.918447
6.917009
6.914149
6.913127
6.912531
6.909290
6.908820
6.904960
6.904683
6.896573
6.895754
6.895323
6.894046
6.890476
6.888584
6.887303
6.883741
6.881682
6.874194
6.872456
6.870055
6.865631
6.862671
6.860767
6.859299
6.856720
6.855393
6.854087
6.852156
6.851973
6.849537
6.846650
6.845636
6.844933
6.837467
6.835206
6.835017
6.834929
6.834912
6.832018
6.831219
6.826733
6.826330
6.825883
6.825285
6.824825
6.821109
6.819019
6.817874
6.810899
6.810117
6.809768
6.806335
6.800394
6.799866
6.796653
6.796264
6.795631
6.793912
6.793097
6.790748
6.787921
6.786301
6.785649
6.782771
6.782584
6.776139
6.776048
6.770331
6.770109
6.769906
6.768328
6.767912
6.766279
6.765901
6.765476
6.764966
6.757995
6.756869
6.756310
6.753420
6.745622
6.742815
6.742623
6.738262
6.737914
6.737378
6.736202
6.735322
6.732587
6.732404
6.730162
6.729494
6.729467
6.729222
6.724887
6.724774
6.720276
6.718528
6.715099
6.713945
6.710410
6.707370
6.705204
6.705115
6.703379
6.701040
6.700767
6.700226
6.698315
6.696306
6.695103
6.694889
6.689680
6.688316
6.686602
6.686103
6.684489
6.683869
6.680598
6.676999
6.675322
6.674705
6.673930
6.673674
6.672845
6.672541
6.672162
6.671805
6.670263
6.669446
6.669012
6.668634
6.668322
6.665802
6.665710
6.665043
6.662238
6.657198
6.655883
6.655372
6.655340
6.654387
6.650266
6.647451
6.646357
6.646308
6.646063
6.645723
6.645409
6.641948
6.633952
6.633822
6.633313
6.633213
6.629902
6.628430
6.626921
6.624837
6.623435
6.620520
6.617694
6.617437
6.612449
6.611905
6.611075
6.607424
6.604562
6.603777
6.603162
6.599681
6.597911
6.597094
6.595077
6.593762
6.592833
6.592260
6.589925
6.588609
6.585977
6.585862
6.584387
6.580330
6.580038
6.578803
6.576392
6.572350
6.571558
6.564058
6.562579
6.560697
6.559091
6.558558
6.556093
6.553142
6.551611
6.550178
6.548377
6.548110
6.543716
6.543415
6.535360
6.531826
6.531801
6.528145
6.527631
6.527112
6.524620
6.523757
6.522243
6.520129
6.520065
6.518359
6.515744
6.513608
6.512942
6.512029
6.508785
6.505705
6.505142
6.504475
6.504138
6.503396
6.500499
6.496940
6.495833
6.491724
6.490448
6.489916
6.488717
6.488443
6.488104
6.486773
6.484101
6.481580
6.479702
6.476565
6.476535
6.475463
6.474898
6.473213
6.472674
6.472196
6.468530
6.465538
6.464837
6.460885
6.460745
6.457589
6.451695
6.451254
6.451158
6.449199
6.444954
6.443581
6.441386
6.440333
6.437687
6.435963
6.435630
6.435136
6.433147
6.433050
6.432967
6.432090
6.431587
6.427991
6.427665
6.425237
6.424052
6.423569
6.422534
6.421923
6.421839
6.421798
6.419683
6.418065
6.417131
6.414160
6.413541
6.404420
6.401651
6.400056
6.399660
6.398915
6.397800
6.397668
6.395144
6.391665
6.389350
6.388164
6.387281
6.384955
6.383747
6.382529
6.380710
6.380375
6.379605
6.379499
6.379268
6.376586
6.374450
6.374135
6.373437
6.370002
6.369230
6.368726
6.368455
6.366443
6.363599
6.362830
6.355433
6.352832
6.352096
6.352060
6.350946
6.350086
6.348539
6.348162
6.347262
6.346535
6.345848
6.342449
6.342403
6.340145
6.338906
6.336992
6.335399
6.334105
6.332288
6.330175
6.322966
6.320407
6.317852
6.313505
6.311099
6.310253
6.310011
6.306612
6.306357
6.304979
6.302110
6.293716
6.293226
6.288342
6.285592
6.283875
6.283235
6.279554
6.278503
6.277907
6.273942
6.265558
6.262267
6.259834
6.258456
6.257954
6.257490
6.256414
6.255748
6.255543
6.252906
6.251894
6.247941
6.247201
6.246731
6.242121
6.241007
6.239951
6.238611
6.235832
6.235740
6.233946
6.233523
6.230697
6.229496
6.229453
6.229262
6.229227
6.228440
6.227582
6.227287
6.219926
6.218572
6.215992
6.214296
6.214292
6.208730
6.202675
6.200244
6.200154
6.196803
6.193802
6.192832
6.192241
6.192227
6.189843
6.185906
6.184215
6.180123
6.178122
6.176105
6.173669
6.172859
6.172267
6.170339
6.167852
6.164272
6.161811
6.159864
6.158440
6.157175
6.155687
6.152973
6.152730
6.146327
6.145167
6.143450
6.142002
6.140544
6.139198
6.137389
6.134663
6.133213
6.132641
6.131267
6.130882
6.130264
6.129744
6.127152
6.126688
6.123157
6.123065
6.120770
6.115955
6.115036
6.113416
6.112073
6.111881
6.111864
6.109427
6.107941
6.107390
6.104542
6.104349
6.103620
6.102693
6.100113
6.099315
6.099044
6.098097
6.095779
6.095133
6.095061
6.090975
6.086182
6.085581
6.085039
6.077020
6.074994
6.070367
6.069321
6.068358
6.068337
6.067169
6.066766
6.062644
6.062061
6.052941
6.051775
6.046850
6.045661
6.042699
6.039917
6.039339
6.036456
6.035806
6.032082
6.028318
6.022744
6.019755
6.019304
6.018174
6.017386
6.013238
6.007287
6.005205
6.004550
6.003666
5.999655
5.996465
5.994528
5.990939
5.988342
5.986569
5.986192
5.985851
5.984695
5.984083
5.983703
5.982303
5.980493
5.978895
5.977991
5.977435
5.975695
5.973786
5.972962
5.971246
5.969528
5.964158
5.962202
5.961527
5.956271
5.955176
5.946405
5.945000
5.943900
5.942605
5.941954
5.940990
5.940906
5.940368
5.939262
5.934881
5.932204
5.928861
5.928632
5.928299
5.926892
5.922913
5.921303
5.919433
5.918645
5.917213
5.911043
5.909132
5.903300
5.903116
5.902965
5.900425
5.897223
5.896587
5.892651
5.888894
5.888782
5.887590
5.886763
5.886630
5.885865
5.885653
5.883424
5.882044
5.879967
5.876498
5.875783
5.874119
5.871718
5.871633
5.867814
5.865476
5.862313
5.859428
5.857285
5.857115
5.856178
5.856135
5.855865
5.851083
5.846480
5.846384
5.844622
5.844535
5.842073
5.840747
5.836577
5.836195
5.833396
5.832925
5.830966
5.827425
5.826416
5.825517
5.823455
5.819358
5.818262
5.818032
5.817652
5.812912
5.812023
5.809184
5.808985
5.806571
5.804179
5.802492
5.802465
5.801483
5.800879
5.795869
5.793989
5.793544
5.785975
5.785145
5.782248
5.777719
5.776959
5.772918
5.771832
5.770293
5.769506
5.767631
5.767626
5.765919
5.763956
5.762534
5.762117
5.758887
5.757343
5.754399
5.754189
5.749689
5.747483
5.742233
5.738442
5.733151
5.732772
5.732232
5.727406
5.726882
5.725846
5.723684
5.722923
5.721319
5.720994
5.713615
5.711987
5.710192
5.703259
5.702565
5.700927
5.700692
5.700679
5.699741
5.694800
5.692736
5.691089
5.690432
5.688374
5.682935
5.682864
5.681711
5.678601
5.673944
5.672833
5.671705
5.671535
5.668540
5.668017
5.667662
5.661741
5.661614
5.660696
5.658615
5.658273
5.658203
5.656660
5.655992
5.654841
5.653591
5.653088
5.651381
5.650254
5.649666
5.645861
5.642829
5.642236
5.641458
5.634413
5.634284
5.633664
5.632667
5.630383
5.630244
5.628061
5.627172
5.625900
5.625307
5.625197
5.624241
5.623413
5.616143
5.610440
5.609994
5.608707
5.605626
5.601470
5.601131
5.598073
5.594992
5.591368
5.582383
5.579763
5.574975
5.573501
5.571919
5.569710
5.568642
5.564595
5.562096
5.561630
5.560663
5.559760
5.556093
5.555839
5.554641
5.554494
5.552553
5.552195
5.551086
5.551043
5.550022
5.543941
5.543519
5.537887
5.531039
5.521512
5.521130
5.520286
5.519646
5.518681
5.515986
5.513108
5.511110
5.504920
5.504849
5.503326
5.503145
5.497448
5.493160
5.487069
5.481506
5.480020
5.475803
5.474024
5.469680
5.469531
5.468695
5.467828
5.462417
5.460463
5.458272
5.457511
5.452890
5.452085
5.451998
5.449248
5.449015
5.446255
5.445278
5.443521
5.443051
5.441680
5.439581
5.435269
5.433689
5.433078
5.427627
5.427560
5.424180
5.422366
5.417240
5.416619
5.414939
5.409359
5.409148
5.405552
5.404503
5.402775
5.402125
5.401008
5.397748
5.397657
5.397432
5.397180
5.396466
5.396057
5.394256
5.390968
5.390804
5.384760
5.380512
5.380125
5.379197
5.378676
5.377100
5.374004
5.373838
5.371094
5.365286
5.362771
5.359674
5.358533
5.357816
5.349627
5.347643
5.346622
5.345984
5.342438
5.341949
5.341556
5.340841
5.336186
5.332888
5.330881
5.323586
5.323207
5.316898
5.314388
5.314300
5.314260
5.310736
5.305630
5.305393
5.303330
5.302945
5.302188
5.295709
5.293760
5.291331
5.288374
5.287272
5.285325
5.279800
5.279280
5.277181
5.276134
5.276130
5.274487
5.273689
5.273045
5.271385
5.266774
5.265499
5.265265
5.263810
5.261142
5.258311
5.258071
5.254931
5.252756
5.249902
5.248055
5.247738
5.247645
5.247436
5.245162
5.244253
5.242138
5.241359
5.240545
5.239990
5.239569
5.232401
5.232310
5.229740
5.229051
5.228035
5.227523
5.226068
5.220994
5.217896
5.216574
5.215113
5.211226
5.210104
5.209701
5.208766
5.207825
5.207391
5.200264
5.198390
5.196425
5.192774
5.190737
5.189085
5.186043
5.184967
5.182342
5.180790
5.180504
5.177295
5.176930
5.172482
5.171790
5.168631
5.168018
5.167532
5.164786
5.163741
5.163503
5.162855
5.160639
5.156011
5.155979
5.154220
5.153162
5.146713
5.146605
5.143847
5.141534
5.136866
5.135937
5.135459
5.134717
5.133673
5.130565
5.129854
5.129529
5.125522
5.124938
5.122714
5.122169
5.117500
5.115594
5.114555
5.114465
5.108868
5.108718
5.108672
5.107749
5.106416
5.106224
5.103089
5.100604
5.096851
5.096745
5.096598
5.094088
5.089831
5.086851
5.086503
5.086100
5.082026
5.079935
5.079699
5.076573
5.071536
5.070392
5.069163
5.065823
5.064939
5.063479
5.062368
5.061599
5.061562
5.059481
5.058194
5.057991
5.055735
5.055666
5.055614
5.055196
5.054843
5.052835
5.051816
5.051779
5.050877
5.047990
5.045053
5.044527
5.041890
5.040776
5.040230
5.037579
5.037218
5.036356
5.034275
5.031691
5.030102
5.028267
5.024084
5.023960
5.020332
5.020061
5.017135
5.014419
5.014305
5.014076
5.013797
5.002344
5.000294
5.000090
