9.994402
9.993094
9.992983
9.991645
9.988536
9.987919
9.986844
9.985846
9.985156
9.982527
9.978805
9.972542
9.970772
9.969952
9.968792
9.968212
9.967848
9.963942
9.962708
9.962322
9.958403
9.957603
9.957484
9.956976
9.956300
9.953574
9.949298
9.948710
9.947720
9.945934
9.945523
9.944559
9.944164
9.943604
9.943291
9.939456
9.939325
9.938782
9.934305
9.929268
9.926954
9.926748
9.925727
9.924189
9.919768
9.917620
9.915886
9.915398
9.913377
9.913176
9.911411
9.909712
9.908661
9.907006
9.906494
9.905056
9.905005
9.904441
9.904416
9.895419
9.895313
9.888788
9.888605
9.886042
9.885033
9.884794
9.883818
9.883412
9.881543
9.876523
9.875812
9.872662
9.867478
9.865686
9.865124
9.864669
9.863874
9.863786
9.862025
9.860300
9.859038
9.856061
9.854316
9.852711
9.849389
9.846725
9.846696
9.846605
9.844734
9.844334
9.843872
9.840168
9.837531
9.834055
9.831659
9.830014
9.828463
9.827376
9.826689
9.820969
9.814673
9.811196
9.811011
9.807932
9.807221
9.802473
9.801227
9.799828
9.799593
9.798623
9.795856
9.794888
9.787352
9.783806
9.782800
9.782677
9.780469
9.779631
9.770640
9.769451
9.768831
9.768656
9.767238
9.761585
9.761013
9.760471
9.758818
9.758451
9.755104
9.752920
9.752079
9.752055
9.749650
9.748089
9.746439
9.745090
9.743885
9.741839
9.741316
9.737598
9.736922
9.733058
9.730760
9.730054
9.727615
9.724821
9.721558
9.718130
9.716669
9.713244
9.712753
9.711064
9.707078
9.705030
9.703370
9.697649
9.696978
9.696483
9.695283
9.686846
9.684877
9.684428
9.682706
9.681761
9.678839
9.674351
9.674167
9.671869
9.669867
9.668434
9.668155
9.659689
9.657660
9.655338
9.650823
9.650014
9.648912
9.642022
9.641365
9.637316
9.636446
9.636355
9.630363
9.630001
9.628895
9.624255
9.622196
9.621346
9.619755
9.618220
9.610712
9.608107
9.606682
9.605392
9.602265
9.602241
9.599163
9.598848
9.598537
9.593497
9.590928
9.589934
9.589805
9.589346
9.585986
9.583081
9.581244
9.580086
9.576925
9.572023
9.571299
9.569727
9.562634
9.561928
9.558310
9.552354
9.550724
9.545506
9.544744
9.542890
9.540884
9.540576
9.537201
9.537117
9.536371
9.533154
9.531996
9.531698
9.530264
9.530196
9.526877
9.522696
9.520689
9.518992
9.518620
9.516849
9.515071
9.514665
9.512390
9.503874
9.502502
9.501204
9.496885
9.494678
9.493633
9.492473
9.490124
9.487529
9.486972
9.485615
9.485055
9.484159
9.481644
9.480890
9.470691
9.469724
9.468550
9.467903
9.465181
9.464098
9.463271
9.460558
9.457601
9.455418
9.455202
9.454856
9.453861
9.451886
9.451370
9.443800
9.436530
9.436377
9.435770
9.429837
9.428923
9.427804
9.421700
9.421541
9.421015
9.419846
9.418250
9.417535
9.415676
9.411946
9.411174
9.411074
9.408661
9.408021
9.407421
9.405943
9.405861
9.405081
9.404346
9.401985
9.401418
9.399851
9.398736
9.394326
9.393224
9.391427
9.387519
9.385173
9.384020
9.381042
9.380959
9.379568
9.379125
9.378857
9.377326
9.366953
9.365240
9.365164
9.362803
9.360000
9.359655
9.357616
9.356765
9.355592
9.354822
9.345661
9.345418
9.345194
9.343165
9.341796
9.335571
9.335472
9.335460
9.335425
9.333828
9.331702
9.327929
9.327830
9.326880
9.325784
9.325200
9.323586
9.322821
9.320727
9.319872
9.318449
9.317643
9.316772
9.315244
9.315185
9.312724
9.312567
9.308891
9.304264
9.303886
9.302415
9.299874
9.296378
9.296175
9.295197
9.294924
9.291534
9.290842
9.285944
9.284544
9.283017
9.280295
9.279341
9.279242
9.277839
9.271637
9.269961
9.268192
9.265873
9.264454
9.264187
9.264117
9.263525
9.261652
9.260895
9.259334
9.252419
9.243931
9.238877
9.236488
9.231877
9.226105
9.219639
9.218176
9.217731
9.217497
9.215801
9.215446
9.214206
9.213271
9.207251
9.207012
9.204868
9.204697
9.204447
9.192254
9.181421
9.180853
9.178592
9.177067
9.175147
9.174799
9.171399
9.168190
9.166881
9.166331
9.165921
9.164986
9.164005
9.163757
9.158840
9.154251
9.151855
9.151121
9.149143
9.145803
9.141451
9.141260
9.141116
9.140926
9.140744
9.134304
9.134045
9.127523
9.126593
9.123584
9.123335
9.122868
9.122110
9.117290
9.109240
9.103891
9.102087
9.101628
9.096369
9.096006
9.095505
9.093248
9.092384
9.089293
9.087984
9.083034
9.082335
9.082018
9.080585
9.079113
9.077540
9.077116
9.075828
9.074800
9.062946
9.061549
9.060281
9.060233
9.058216
9.054519
9.054096
9.052449
9.050029
9.048734
9.047922
9.047907
9.047032
9.045586
9.045301
9.040125
9.039839
9.037971
9.037493
9.034019
9.033222
9.031962
9.028849
9.027586
9.027395
9.027225
9.025743
9.024334
9.022011
9.021141
9.017501
9.012171
9.011200
9.010178
9.008816
9.003908
9.003805
9.000283
8.999829
8.991782
8.989204
8.986710
8.980269
8.976557
8.976532
8.972920
8.972635
8.972207
8.969231
8.967916
8.966190
8.966073
8.960573
8.959291
8.958427
8.958235
8.958201
8.957071
8.956636
8.956427
8.952681
8.952222
8.948051
8.946280
8.946190
8.945879
8.945295
8.942667
8.940310
8.940116
8.939344
8.939178
8.937038
8.936960
8.927555
8.926797
8.925353
8.922835
8.922523
8.921266
8.920845
8.919397
8.915470
8.915187
8.912769
8.911704
8.907327
8.903155
8.902483
8.897151
8.890341
8.889827
8.888796
8.887539
8.882502
8.881561
8.878970
8.876992
8.876255
8.871901
8.870367
8.867558
8.866376
8.864487
8.862897
8.860835
8.859035
8.857300
8.851651
8.849292
8.849162
8.847860
8.847741
8.838400
8.837587
8.835941
8.832199
8.831213
8.830368
8.830060
8.828095
8.825541
8.825300
8.822211
8.821288
8.820144
8.818813
8.815698
8.814823
8.813729
8.806429
8.805952
8.802641
8.801427
8.798500
8.797826
8.794349
8.794252
8.792809
8.792526
8.790568
8.789077
8.788614
8.788363
8.782419
8.781119
8.780614
8.779771
8.778696
8.777380
8.777086
8.775970
8.774966
8.774725
8.774668
8.770527
8.770061
8.767628
8.762168
8.758154
8.755681
8.755267
8.754231
8.754183
8.752655
8.751674
8.751648
8.750513
8.750216
8.748770
8.747953
8.747940
8.746350
8.746204
8.741084
8.739557
8.734778
8.733089
8.727654
8.726656
8.725300
8.723352
8.723179
8.722983
8.716263
8.710787
8.709842
8.709827
8.709414
8.708972
8.703481
8.702079
8.701422
8.699819
8.698382
8.697413
8.689934
8.686315
8.686306
8.685989
8.681177
8.675344
8.672394
8.671855
8.668962
8.667315
8.662920
8.661748
8.660437
8.660235
8.659076
8.659044
8.650591
8.650147
8.647917
8.645955
8.643772
8.643161
8.639719
8.638865
8.631342
8.629127
8.628274
8.627914
8.627439
8.624958
8.623885
8.621323
8.614058
8.613811
8.613534
8.608452
8.607647
8.605602
8.602757
8.600513
8.593819
8.592874
8.591319
8.589018
8.588998
8.580543
8.580216
8.579514
8.576154
8.574715
8.572608
8.565634
8.564164
8.564105
8.563228
8.561431
8.558459
8.557354
8.556308
8.553446
8.551579
8.549856
8.547033
8.541308
8.537024
8.535129
8.534821
8.534409
8.528000
8.522577
8.516591
8.515244
8.510654
8.508799
8.507910
8.503563
8.503059
8.502979
8.499525
8.497002
8.495366
8.493720
8.493513
8.490819
8.489074
8.485671
8.481667
8.480093
8.478637
8.477741
8.476641
8.473856
8.473440
8.467861
8.467322
8.462345
8.461603
8.461582
8.456708
8.453311
8.452760
8.449381
8.448944
8.448866
8.445360
8.445167
8.444493
8.439919
8.438153
8.437547
8.433332
8.433195
8.431528
8.430394
8.428931
8.420342
8.419708
8.419046
8.418904
8.416336
8.409558
8.408919
8.406373
8.403965
8.400389
8.399878
8.399035
8.398354
8.394280
8.392712
8.392525
8.390381
8.388257
8.386679
8.386238
8.385884
8.385588
8.383938
8.382302
8.380835
8.380025
8.375782
8.372784
8.370625
8.369408
8.367349
8.361278
8.360735
8.360275
8.359788
8.357832
8.356487
8.356303
8.353817
8.351919
8.347234
8.346301
8.346207
8.333411
8.332998
8.332432
8.330664
8.330010
8.328554
8.326571
8.323903
8.320462
8.319723
8.319071
8.317910
8.317026
8.316000
8.311987
8.306790
8.305504
8.304927
8.304026
8.303003
8.302414
8.300312
8.300213
8.296910
8.296852
8.296395
8.292429
8.291759
8.290242
8.288158
8.285826
8.285415
8.284192
8.281396
8.277863
8.277756
8.272406
8.268977
8.266560
8.264376
8.262972
8.261190
8.255280
8.254395
8.252548
8.252228
8.251274
8.249739
8.247664
8.246419
8.245140
8.244551
8.244186
8.242060
8.241623
8.239950
8.239649
8.239422
8.237865
8.237661
8.235749
8.233221
8.228075
8.226982
8.224838
8.223949
8.220635
8.220079
8.219660
8.218764
8.218352
8.217691
8.215775
8.215743
8.212902
8.212780
8.212586
8.208585
8.205427
8.202471
8.201695
8.201323
8.186316
8.184277
8.182580
8.181133
8.179109
8.179026
8.176165
8.175282
8.171223
8.167930
8.164091
8.163404
8.163091
8.161879
8.161659
8.159838
8.159185
8.155778
8.151727
8.149988
8.149642
8.149623
8.149460
8.149066
8.148270
8.147532
8.143908
8.141638
8.137403
8.134364
8.132364
8.127316
8.126353
8.126041
8.122427
8.121962
8.119659
8.119458
8.115061
8.114642
8.113562
8.112330
8.112324
8.096296
8.092214
8.091636
8.086876
8.085355
8.083103
8.080212
8.079121
8.073057
8.072491
8.065118
8.063677
8.059793
8.057810
8.052367
8.051834
8.051332
8.047569
8.046091
8.045609
8.043612
8.043303
8.038614
8.030662
8.028530
8.027061
8.026983
8.026871
8.025961
8.024260
8.022109
8.017966
8.017272
8.012036
8.010998
8.010224
8.008576
8.007640
8.007049
8.005324
8.004712
8.000173
7.997871
7.994039
7.989905
7.989025
7.980247
7.979062
7.977216
7.977205
7.975870
7.971632
7.970614
7.970299
7.969851
7.968817
7.968425
7.966442
7.966265
7.965643
7.963789
7.962680
7.961392
7.958752
7.956594
7.955413
7.953815
7.951324
7.946651
7.945084
7.943588
7.940762
7.938962
7.937615
7.937551
7.936826
7.936775
7.935328
7.934791
7.931464
7.928901
7.926302
7.925889
7.925375
7.924690
7.922348
7.920964
7.920476
7.919521
7.918885
7.917931
7.916941
7.915676
7.914406
7.912817
7.912095
7.911603
7.909423
7.909312
7.907101
7.905478
7.900958
7.900482
7.899490
7.899193
7.896600
7.893601
7.893600
7.892804
7.886538
7.885665
7.883180
7.878586
7.878091
7.867627
7.866975
7.865953
7.865916
7.863803
7.859561
7.859403
7.857665
7.856097
7.853611
7.849877
7.849435
7.844290
7.844009
7.842473
7.829704
7.826338
7.824096
7.821817
7.821776
7.819448
7.817140
7.816150
7.815671
7.812587
7.811253
7.811222
7.810507
7.803711
7.802627
7.801983
7.797565
7.794827
7.793677
7.792749
7.790957
7.789816
7.788875
7.788127
7.783612
7.782940
7.777722
7.776943
7.773759
7.771660
7.769225
7.763687
7.763320
7.760934
7.757704
7.756392
7.755511
7.754443
7.753289
7.751331
7.749686
7.749514
7.747725
7.745510
7.745162
7.744343
7.739882
7.737394
7.737003
7.736980
7.736654
7.735391
7.734658
7.734657
7.732667
7.731423
7.731405
7.731012
7.728967
7.728795
7.725189
7.724090
7.723246
7.722385
7.717189
7.716995
7.716674
7.714269
7.712371
7.706594
7.705708
7.702671
7.702507
7.700610
7.699606
7.699455
7.698627
7.696852
7.695430
7.693780
7.692102
7.690097
7.688772
7.684648
7.681472
7.679262
7.678285
7.674737
7.673935
7.673554
7.671692
7.668276
7.668184
7.659348
7.655954
7.655756
7.654078
7.651425
7.647831
7.645452
7.644981
7.642730
7.642362
7.640326
7.638286
7.636124
7.635499
7.633715
7.631952
7.630697
7.628367
7.627675
7.626181
7.624750
7.624750
7.624312
7.624112
7.620029
7.619758
7.619595
7.617681
7.617562
7.616748
7.614768
7.614135
7.612095
7.610545
7.609802
7.609306
7.608957
7.608051
7.605668
7.603414
7.597959
7.596152
7.592332
7.592194
7.590164
7.585471
7.583982
7.582398
7.581730
7.581580
7.578770
7.578145
7.577314
7.576447
7.572434
7.570644
7.563161
7.562480
7.560249
7.559290
7.558856
7.556768
7.554833
7.554228
7.553572
7.550941
7.546721
7.542195
7.541020
7.535691
7.534306
7.533718
7.531142
7.529564
7.528677
7.525062
7.519032
7.516608
7.516232
7.516147
7.502229
7.501983
7.501549
7.501333
7.501016
7.498982
7.497827
7.496041
7.495423
7.491305
7.489420
7.488186
7.487212
7.483097
7.479371
7.479185
7.478976
7.475960
7.472881
7.471025
7.467992
7.466646
7.466304
7.465071
7.465052
7.463593
7.461698
7.461417
7.460401
7.458910
7.457386
7.452488
7.451162
7.448863
7.447517
7.445450
7.444182
7.444088
7.444014
7.442765
7.439786
7.435382
7.435004
7.433789
7.432022
7.431753
7.431095
7.429934
7.429535
7.429143
7.428288
7.416048
7.413364
7.409510
7.406798
7.406070
7.405257
7.399420
7.397912
7.396934
7.396688
7.393255
7.391913
7.388236
7.384965
7.384234
7.377571
7.377367
7.372561
7.371724
7.367874
7.365965
7.362304
7.358050
7.356997
7.355725
7.352033
7.351158
7.350402
7.349763
7.348397
7.347174
7.346981
7.346468
7.344933
7.344626
7.342047
7.339496
7.337762
7.336905
7.333982
7.330404
7.328903
7.328596
7.326958
7.322712
7.322058
7.320827
7.317577
7.314599
7.314462
7.313437
7.312567
7.311742
7.304258
7.304210
7.293454
7.292499
7.287529
7.287150
7.286529
7.284195
7.284033
7.283813
7.283498
7.278556
7.275170
7.273498
7.268255
7.262874
7.261137
7.261043
7.258236
7.257836
7.257090
7.255143
7.253035
7.252328
7.251368
7.251351
7.249094
7.246981
7.240165
7.238328
7.237945
7.237179
7.235379
7.233889
7.233029
7.230968
7.229394
7.228835
7.225484
7.224493
7.224300
7.219369
7.215036
7.213561
7.206367
7.201285
7.200613
7.193750
7.190470
7.189560
7.186719
7.182438
7.178079
7.177271
7.175206
7.173063
7.172782
7.171348
7.170138
7.169372
7.168468
7.164731
7.163377
7.162378
7.160195
7.156340
7.154148
7.153297
7.153196
7.152825
7.152448
7.143875
7.143639
7.140137
7.138004
7.135834
7.133274
7.132661
7.130418
7.130032
7.126927
7.126849
7.123744
7.123470
7.121744
7.121403
7.120610
7.120165
7.119992
7.114364
7.111816
7.109962
7.107856
7.107763
7.101972
7.100890
7.098745
7.097075
7.096825
7.094938
7.093257
7.086497
7.084806
7.083477
7.080908
7.078766
7.077795
7.074947
7.071698
7.068501
7.068146
7.067113
7.066634
7.066366
7.062764
7.062699
7.061229
7.058858
7.052212
7.052208
7.050281
7.049576
7.049158
7.044524
7.043448
7.043148
7.042410
7.039233
7.037888
7.031950
7.031589
7.030498
7.029175
7.028838
7.026662
7.025418
7.020902
7.020508
7.020267
7.019083
7.016266
7.014415
7.012735
7.010445
7.010321
7.009172
7.008917
7.006570
7.005565
7.000350
7.000169
6.999862
6.999236
6.995262
6.987317
6.984799
6.982388
6.980275
6.977453
6.972940
6.971012
6.970748
6.963510
6.960397
6.959485
6.957006
6.955123
6.954491
6.953285
6.952398
6.945170
6.944347
6.943697
6.942896
6.937171
6.934748
6.933830
6.933744
6.933652
6.931549
6.930978
6.930142
6.919235
6.917849
6.915359
6.913714
6.912818
6.911461
6.906916
6.906487
6.906458
6.906127
6.906036
6.904335
6.903992
6.903689
6.899753
6.898822
6.897093
6.896819
6.895649
6.895536
6.887529
6.880651
6.875695
6.872496
6.871785
6.870883
6.870590
6.868418
6.866480
6.864907
6.861808
6.861711
6.859055
6.857083
6.855051
6.850494
6.847924
6.836786
6.833877
6.833172
6.831777
6.829937
6.820570
6.819476
6.816355
6.810861
6.810790
6.808555
6.807003
6.805769
6.800854
6.800231
6.797669
6.796232
6.794943
6.793750
6.790360
6.787020
6.786108
6.783727
6.781288
6.779646
6.777043
6.775670
6.775486
6.770491
6.768475
6.763593
6.763489
6.762739
6.761586
6.759620
6.756364
6.755455
6.749338
6.749071
6.742501
6.741381
6.741105
6.737332
6.736697
6.735728
6.732682
6.729689
6.726612
6.725935
6.724949
6.722840
6.721429
6.719885
6.718558
6.717090
6.716990
6.715416
6.715232
6.714149
6.713019
6.705050
6.702752
6.701792
6.701751
6.701384
6.701221
6.701048
6.696560
6.695169
6.694514
6.689630
6.688087
6.684383
6.683997
6.681096
6.679179
6.678678
6.677616
6.677538
6.676548
6.676511
6.675177
6.668256
6.667038
6.664908
6.663625
6.661592
6.661129
6.658655
6.657493
6.653945
6.652402
6.650024
6.648170
6.643064
6.643038
6.642995
6.641753
6.640069
6.639377
6.636797
6.636477
6.633611
6.633309
6.631045
6.628214
6.627878
6.625278
6.622846
6.622519
6.622438
6.622182
6.621163
6.620906
6.620804
6.619061
6.615610
6.614996
6.608705
6.608457
6.605779
6.598321
6.597318
6.596235
6.593363
6.585864
6.578416
6.576491
6.575532
6.570464
6.565279
6.564443
6.559673
6.558154
6.556652
6.555185
6.554437
6.553525
6.551924
6.547164
6.544748
6.543229
6.543086
6.541461
6.541167
6.537855
6.532513
6.526304
6.525832
6.523680
6.520714
6.518283
6.515784
6.514530
6.514168
6.513611
6.510053
6.507792
6.506050
6.505260
6.504272
6.503373
6.503286
6.502304
6.499633
6.498513
6.488385
6.488177
6.487870
6.486938
6.486751
6.485913
6.484500
6.483753
6.478703
6.477922
6.477835
6.475134
6.474559
6.471388
6.470857
6.463505
6.463303
6.462537
6.460824
6.459081
6.458472
6.458125
6.458073
6.454256
6.450940
6.449544
6.448692
6.448640
6.448321
6.447544
6.446413
6.445299
6.440249
6.438175
6.437281
6.436539
6.434345
6.433712
6.430871
6.430290
6.429646
6.428886
6.428471
6.426602
6.424990
6.424665
6.423226
6.423215
6.422705
6.422644
6.421456
6.420335
6.419359
6.418808
6.418367
6.417415
6.414883
6.413989
6.413530
6.405671
6.404026
6.401212
6.400096
6.396754
6.393953
6.393628
6.393349
6.390068
6.389737
6.387514
6.385145
6.382947
6.377531
6.374584
6.369374
6.368389
6.367306
6.366063
6.360527
6.358633
6.357900
6.351661
6.350319
6.349970
6.347853
6.344761
6.343612
6.342444
6.334917
6.333427
6.331808
6.330769
6.329984
6.329484
6.328096
6.324563
6.321366
6.320995
6.319950
6.319832
6.319805
6.318200
6.313911
6.312885
6.307847
6.307131
6.304567
6.301208
6.300385
6.299542
6.299122
6.297215
6.297049
6.296822
6.294237
6.291456
6.290596
6.290153
6.286727
6.285850
6.285285
6.283619
6.282642
6.280894
6.274200
6.273316
6.272318
6.270599
6.269583
6.268056
6.265988
6.264938
6.261616
6.257873
6.253992
6.253657
6.253295
6.252377
6.251528
6.250926
6.249852
6.245638
6.244903
6.244700
6.244688
6.244566
6.243578
6.237242
6.235857
6.234997
6.233089
6.231468
6.230948
6.230017
6.229616
6.227755
6.226338
6.225965
6.223903
6.221358
6.219771
6.218679
6.217555
6.217107
6.216523
6.214861
6.214351
6.212386
6.211285
6.210627
6.210526
6.210119
6.209126
6.208385
6.207805
6.195229
6.194849
6.189964
6.188077
6.185183
6.184174
6.180146
6.178503
6.173499
6.173365
6.172194
6.171750
6.171076
6.167037
6.167032
6.159453
6.159101
6.155897
6.154414
6.153855
6.153550
6.149809
6.148458
6.145535
6.144292
6.143435
6.141046
6.140552
6.135579
6.133994
6.132794
6.130386
6.129518
6.128448
6.126494
6.123509
6.122739
6.122176
6.121471
6.120265
6.114200
6.111922
6.111889
6.110589
6.106281
6.102399
6.101696
6.101211
6.099987
6.099154
6.094853
6.090029
6.089535
6.087361
6.085758
6.084869
6.083991
6.080944
6.077142
6.077086
6.076918
6.074771
6.069622
6.068964
6.067150
6.065816
6.065285
6.061297
6.060834
6.059199
6.058148
6.057076
6.054344
6.053941
6.051244
6.046128
6.045630
6.043078
6.042526
6.040499
6.040178
6.038023
6.036011
6.034841
6.033814
6.033285
6.032088
6.031240
6.030527
6.030497
6.029963
6.027553
6.027216
6.024937
6.024841
6.023509
6.022997
6.022480
6.021626
6.021130
6.019516
6.018670
6.016964
6.014220
6.013625
6.010018
6.008706
6.008614
6.007216
6.006498
6.006479
6.004794
5.998271
5.996665
5.992427
5.992277
5.991935
5.991932
5.988252
5.984583
5.982722
5.982323
5.980558
5.979431
5.977046
5.973537
5.972028
5.969975
5.968790
5.966835
5.963768
5.962198
5.961756
5.960248
5.953100
5.953005
5.952400
5.948509
5.948177
5.944243
5.943915
5.941296
5.939933
5.937879
5.935502
5.933509
5.931502
5.924915
5.924737
5.923838
5.923250
5.923194
5.919282
5.918560
5.917907
5.913482
5.908872
5.908150
5.908042
5.906932
5.904910
5.902744
5.902019
5.899701
5.897268
5.892610
5.888392
5.887899
5.886729
5.884422
5.883866
5.883031
5.879848
5.879120
5.878537
5.876444
5.875493
5.875287
5.874493
5.874067
5.870943
5.870404
5.862218
5.859395
5.857395
5.856405
5.855026
5.853362
5.847725
5.846586
5.845895
5.844262
5.840786
5.839483
5.835612
5.835467
5.835169
5.834032
5.830307
5.824118
5.817208
5.813514
5.811969
5.810505
5.808854
5.806739
5.806499
5.801952
5.801160
5.800349
5.799441
5.796456
5.793842
5.792501
5.791538
5.791049
5.789793
5.784256
5.784244
5.783844
5.782166
5.780077
5.779215
5.776466
5.776182
5.775979
5.771635
5.769966
5.764738
5.763946
5.763903
5.763029
5.762545
5.759130
5.755120
5.745747
5.743565
5.743094
5.738508
5.730304
5.729446
5.729018
5.728811
5.724687
5.723078
5.722377
5.720315
5.720046
5.719593
5.717351
5.717144
5.714575
5.714207
5.710855
5.710602
5.710083
5.709085
5.705877
5.701498
5.698798
5.698740
5.698407
5.697615
5.693362
5.692461
5.691771
5.689511
5.689455
5.687499
5.680463
5.677402
5.677212
5.675164
5.674803
5.669337
5.665761
5.663523
5.659857
5.656281
5.652079
5.651365
5.649876
5.648199
5.642577
5.641379
5.638085
5.636355
5.635020
5.630347
5.628469
5.625567
5.620272
5.615133
5.613584
5.612941
5.604969
5.604169
5.599393
5.598690
5.596358
5.594110
5.591763
5.589530
5.589158
5.587385
5.587125
5.586367
5.585644
5.580659
5.579205
5.575821
5.574801
5.571225
5.570358
5.569423
5.565274
5.564517
5.559784
5.555780
5.554722
5.554535
5.551465
5.551435
5.549444
5.546772
5.541348
5.541156
5.540473
5.536838
5.536136
5.535950
5.534993
5.532033
5.530452
5.529194
5.528779
5.526883
5.524071
5.523782
5.523369
5.518579
5.517123
5.514752
5.509274
5.509093
5.507377
5.506032
5.502751
5.501279
5.499050
5.495424
5.489735
5.483680
5.483103
5.482267
5.480721
5.480082
5.477943
5.477252
5.476625
5.476527
5.475202
5.473539
5.471898
5.471627
5.470447
5.470194
5.469532
5.468863
5.466339
5.465318
5.465174
5.464864
5.464396
5.462733
5.462281
5.461910
5.458137
5.457843
5.453845
5.452466
5.451351
5.451169
5.449118
5.448998
5.448247
5.447479
5.443774
5.443400
5.442044
5.436707
5.434755
5.434611
5.430833
5.430562
5.429763
5.427086
5.424324
5.419714
5.416020
5.408762
5.401950
5.400643
5.399235
5.389793
5.388855
5.383648
5.378160
5.377841
5.376777
5.375922
5.374044
5.371317
5.370446
5.370286
5.369410
5.366445
5.365638
5.365398
5.362364
5.361100
5.356974
5.356018
5.354815
5.353237
5.349323
5.347820
5.344679
5.342638
5.341662
5.341517
5.339267
5.333162
5.332603
5.331219
5.330472
5.329509
5.327088
5.326269
5.322667
5.319115
5.315628
5.313258
5.310211
5.310187
5.309958
5.307762
5.305095
5.303735
5.303356
5.302897
5.301050
5.300577
5.299421
5.296547
5.296460
5.293737
5.293595
5.293550
5.293408
5.290528
5.290508
5.288391
5.286832
5.285409
5.285013
5.282663
5.278536
5.276752
5.272384
5.270700
5.269957
5.268303
5.267308
5.262472
5.261771
5.257888
5.255700
5.252807
5.250718
5.249155
5.246966
5.243687
5.241535
5.239954
5.239459
5.234961
5.233078
5.231391
5.226173
5.225701
5.222709
5.219640
5.216168
5.215509
5.213519
5.210284
5.207996
5.204906
5.203329
5.202415
5.199962
5.194785
5.194604
5.187728
5.186253
5.185244
5.184521
5.184045
5.177720
5.174545
5.169897
5.169028
5.168920
5.168114
5.167818
5.165114
5.162758
5.161108
5.159609
5.158515
5.156934
5.156524
5.150951
5.148121
5.147311
5.143800
5.142499
5.142100
5.140639
5.136885
5.134950
5.131559
5.130140
5.129985
5.126602
5.126285
5.123605
5.120993
5.120818
5.118304
5.117030
5.117011
5.116547
5.116031
5.114692
5.113299
5.112997
5.111735
5.109128
5.108291
5.108149
5.105186
5.105095
5.101966
5.100492
5.100297
5.097531
5.096430
5.094097
5.090569
5.090383
5.087018
5.086544
5.084252
5.072329
5.072176
5.067520
5.065150
5.060337
5.060219
5.060215
5.059570
5.057722
5.057292
5.055192
5.054721
5.054164
5.053863
5.049455
5.048603
5.047604
5.046814
5.045707
5.037926
5.037339
5.037292
5.034440
5.033252
5.028817
5.023487
5.022759
5.019161
5.017596
5.016623
5.015841
5.015597
5.014839
5.010229
5.009270
5.006032
5.005093
5.004972
5.002727
5.001712
5.000703
