9.997553
9.995898
9.991335
9.988320
9.980581
9.976360
9.975282
9.974434
9.972210
9.970406
9.970093
9.969410
9.963940
9.963564
9.962878
9.961908
9.959289
9.954809
9.950766
9.950614
9.948580
9.943592
9.942240
9.942156
9.940391
9.935366
9.934020
9.932993
9.932877
9.929089
9.926333
9.925814
9.925680
9.919975
9.915685
9.913469
9.913155
9.913065
9.912689
9.910004
9.906667
9.906214
9.905091
9.903443
9.896178
9.893194
9.892730
9.887566
9.886930
9.884422
9.883974
9.879860
9.877977
9.877694
9.876596
9.875454
9.873954
9.870051
9.869089
9.863117
9.863049
9.855974
9.855703
9.849924
9.848999
9.845733
9.844131
9.841161
9.840128
9.839144
9.835894
9.835786
9.835625
9.834214
9.830624
9.828498
9.828015
9.823435
9.822577
9.818849
9.813772
9.810898
9.809835
9.809713
9.808269
9.807490
9.804694
9.803649
9.800058
9.799698
9.798151
9.797434
9.793548
9.792501
9.791745
9.791718
9.791302
9.790555
9.789223
9.788708
9.787886
9.782358
9.776709
9.775829
9.774533
9.771175
9.757992
9.757204
9.756099
9.754078
9.751753
9.750484
9.749927
9.748773
9.746930
9.744111
9.740477
9.733105
9.733049
9.732976
9.732882
9.728451
9.727153
9.721300
9.721022
9.720963
9.720739
9.717387
9.714875
9.711799
9.709773
9.705036
9.703861
9.702219
9.697940
9.697758
9.697701
9.697560
9.696203
9.693295
9.691256
9.689091
9.682871
9.675889
9.675378
9.672195
9.669596
9.669219
9.668507
9.667030
9.666256
9.662952
9.653761
9.649905
9.649487
9.647120
9.647104
9.644644
9.643866
9.642383
9.642110
9.639802
9.639281
9.634165
9.633903
9.630460
9.629141
9.623374
9.622679
9.621450
9.620977
9.618185
9.617493
9.615073
9.612854
9.612494
9.609610
9.609450
9.608938
9.606666
9.606146
9.601420
9.599703
9.592217
9.590781
9.590777
9.589625
9.589005
9.588583
9.587734
9.582760
9.578947
9.578887
9.578665
9.577614
9.575435
9.574779
9.569121
9.565981
9.565752
9.564138
9.562959
9.560061
9.559813
9.542645
9.542409
9.539246
9.539208
9.538078
9.537580
9.536500
9.535749
9.534446
9.534139
9.532864
9.527725
9.527553
9.522763
9.522366
9.515202
9.514059
9.513988
9.512702
9.511041
9.506866
9.503561
9.500912
9.500465
9.498569
9.494553
9.492601
9.483423
9.477891
9.477569
9.476274
9.475268
9.473494
9.470988
9.468272
9.464470
9.461906
9.460075
9.456326
9.452968
9.452838
9.448288
9.445132
9.444496
9.442883
9.441594
9.440919
9.440388
9.440203
9.438744
9.436607
9.436510
9.435938
9.435071
9.428036
9.425404
9.424211
9.420585
9.420257
9.419126
9.417390
9.416342
9.415785
9.413648
9.409762
9.409419
9.403886
9.403301
9.403190
9.402378
9.402332
9.402213
9.402102
9.399997
9.392013
9.391994
9.391235
9.390631
9.390529
9.390017
9.388355
9.388054
9.385329
9.382956
9.381086
9.373556
9.368773
9.367460
9.367420
9.366068
9.364567
9.364477
9.363160
9.361359
9.358849
9.358694
9.358343
9.354778
9.354219
9.353298
9.348449
9.345870
9.343798
9.336407
9.329021
9.328487
9.322702
9.322701
9.322632
9.321091
9.319586
9.316410
9.315849
9.309021
9.308285
9.307936
9.305183
9.305070
9.304334
9.303910
9.303857
9.302799
9.302042
9.299448
9.292668
9.286225
9.286052
9.284879
9.281703
9.281437
9.280502
9.275200
9.270202
9.268168
9.262761
9.254303
9.248144
9.247962
9.243704
9.243103
9.241041
9.240715
9.240339
9.236086
9.232855
9.232298
9.229133
9.224869
9.221815
9.221278
9.211999
9.209667
9.208908
9.202327
9.201112
9.200027
9.199924
9.198084
9.196167
9.189356
9.189267
9.188918
9.187641
9.186062
9.185199
9.185059
9.177082
9.176351
9.176206
9.172506
9.168665
9.168085
9.167968
9.164911
9.163187
9.163150
9.160193
9.158051
9.154476
9.153648
9.153386
9.150594
9.150517
9.146894
9.146309
9.141140
9.140228
9.139408
9.137644
9.134664
9.133493
9.128548
9.127651
9.127251
9.126326
9.122225
9.120599
9.118928
9.118834
9.118330
9.116045
9.110074
9.106028
9.104454
9.100968
9.100274
9.095676
9.095668
9.093036
9.092392
9.092273
9.091585
9.090352
9.089983
9.080812
9.076607
9.075380
9.072727
9.069928
9.061946
9.061068
9.060779
9.057951
9.057889
9.057203
9.056516
9.055983
9.053506
9.047995
9.046177
9.043453
9.043051
9.042223
9.040119
9.037408
9.037043
9.036641
9.035086
9.032827
9.031734
9.031729
9.030328
9.028630
9.026904
9.025098
9.024343
9.021589
9.018257
9.017136
9.010574
9.009388
9.007597
9.005609
9.003572
9.002792
9.002299
9.000977
9.000221
8.998922
8.996136
8.993614
8.992339
8.992012
8.989062
8.988869
8.984841
8.984427
8.982137
8.981677
8.981381
8.981067
8.980423
8.975421
8.974837
8.973962
8.973579
8.968931
8.968899
8.967576
8.963323
8.959833
8.958410
8.958087
8.956614
8.950691
8.950318
8.949858
8.947453
8.947409
8.946191
8.946138
8.944303
8.940140
8.937841
8.937569
8.934391
8.929941
8.929430
8.929223
8.927534
8.927084
8.921253
8.916886
8.916778
8.912972
8.912153
8.904040
8.902916
8.902418
8.897516
8.890363
8.889989
8.888226
8.874020
8.870787
8.867892
8.867020
8.866368
8.866114
8.862976
8.860474
8.853903
8.852302
8.851314
8.849935
8.849593
8.847725
8.846121
8.845470
8.843708
8.839832
8.839296
8.831757
8.820077
8.818246
8.815350
8.815063
8.814062
8.810427
8.810369
8.809114
8.806568
8.804923
8.801551
8.800882
8.799593
8.798217
8.796456
8.793740
8.793574
8.791874
8.790485
8.789342
8.787920
8.786174
8.785055
8.783415
8.783195
8.780125
8.779692
8.779622
8.777391
8.776949
8.774299
8.773326
8.772284
8.765896
8.764032
8.761906
8.759697
8.759532
8.758633
8.756932
8.755541
8.753518
8.748291
8.744724
8.744460
8.739044
8.735935
8.731304
8.731201
8.729712
8.723711
8.717321
8.715595
8.711148
8.706926
8.706269
8.705337
8.702718
8.702061
8.700020
8.699108
8.698758
8.696300
8.694546
8.690802
8.689641
8.686410
8.683838
8.681026
8.679199
8.677996
8.671324
8.668983
8.668299
8.666559
8.664517
8.662458
8.661479
8.659822
8.657370
8.655017
8.653933
8.651591
8.650878
8.648468
8.647916
8.647777
8.647692
8.646341
8.645632
8.645365
8.642711
8.639607
8.635223
8.633821
8.632760
8.631958
8.624504
8.623466
8.622269
8.621250
8.621072
8.617401
8.616944
8.613841
8.609028
8.607544
8.607346
8.605680
8.602592
8.595334
8.586405
8.585093
8.584167
8.584060
8.582135
8.580324
8.580016
8.579887
8.578967
8.576570
8.575947
8.575364
8.572222
8.571351
8.568803
8.568615
8.568225
8.567008
8.565888
8.565547
8.564271
8.561531
8.556442
8.554841
8.553867
8.548123
8.546045
8.545935
8.543282
8.542526
8.541471
8.541026
8.537160
8.537007
8.535214
8.533935
8.533550
8.532464
8.526522
8.525738
8.524738
8.523823
8.523560
8.523354
8.522579
8.521752
8.519992
8.519262
8.518824
8.517217
8.516780
8.514375
8.513776
8.513605
8.513041
8.511095
8.510832
8.509397
8.508643
8.506687
8.506353
8.503808
8.501557
8.500231
8.496748
8.496557
8.495489
8.494765
8.493632
8.490383
8.489058
8.489004
8.487288
8.485573
8.483236
8.482546
8.481174
8.475430
8.474825
8.474533
8.472399
8.472107
8.471579
8.471541
8.470726
8.470155
8.466761
8.463408
8.462773
8.462036
8.461220
8.459663
8.458537
8.458110
8.454190
8.453968
8.450859
8.450310
8.449864
8.449417
8.448275
8.445769
8.445162
8.440516
8.438766
8.438745
8.438185
8.434292
8.432674
8.431772
8.429859
8.427793
8.426588
8.425122
8.423998
8.423897
8.423082
8.421514
8.418549
8.417097
8.411674
8.411478
8.406516
8.401930
8.401749
8.401047
8.400916
8.400309
8.398277
8.389550
8.388500
8.386032
8.383175
8.383129
8.379569
8.377786
8.377276
8.377224
8.376680
8.372526
8.363410
8.361406
8.355928
8.353139
8.348431
8.341664
8.340219
8.339846
8.338229
8.331519
8.328744
8.324419
8.324376
8.321930
8.318638
8.318245
8.315912
8.315368
8.315068
8.314824
8.312246
8.309858
8.309659
8.306471
8.305757
8.299806
8.299452
8.298874
8.295792
8.295088
8.294415
8.292257
8.290614
8.289314
8.282723
8.280610
8.278873
8.276105
8.274206
8.272711
8.272253
8.271879
8.269998
8.268450
8.264867
8.258699
8.252454
8.252339
8.251671
8.243808
8.243496
8.240299
8.235545
8.234567
8.231491
8.231444
8.228262
8.227172
8.227053
8.225470
8.224133
8.223974
8.223334
8.222617
8.222157
8.220225
8.219872
8.219780
8.216634
8.212132
8.210626
8.209335
8.208575
8.206023
8.205286
8.202291
8.201740
8.200319
8.199333
8.196639
8.195847
8.194226
8.193756
8.191895
8.188008
8.186437
8.184526
8.181567
8.180216
8.179731
8.173775
8.169909
8.168821
8.167265
8.165672
8.165581
8.165403
8.163333
8.162487
8.160400
8.156886
8.156540
8.155280
8.154125
8.151818
8.151043
8.147277
8.146881
8.141993
8.141065
8.139120
8.138570
8.136244
8.135963
8.134216
8.132410
8.131076
8.130543
8.128282
8.125950
8.124701
8.123201
8.122750
8.119253
8.117792
8.114491
8.110123
8.105694
8.102934
8.097697
8.096513
8.093253
8.092547
8.090540
8.087948
8.086169
8.084954
8.084324
8.083081
8.082122
8.081076
8.078519
8.077215
8.073092
8.072371
8.071156
8.071123
8.069582
8.065916
8.065423
8.065325
8.064990
8.064091
8.064047
8.060329
8.058555
8.057263
8.056422
8.056399
8.055073
8.053709
8.053144
8.051946
8.050886
8.048893
8.043644
8.040492
8.039065
8.035111
8.034256
8.033794
8.033018
8.031172
8.030490
8.029919
8.029713
8.028236
8.026480
8.024518
8.024487
8.024066
8.021822
8.019400
8.017353
8.017023
8.016212
8.014802
8.014646
8.014429
8.013774
8.012506
8.006610
8.004878
8.004448
8.001603
7.998909
7.996547
7.995497
7.994558
7.993788
7.992600
7.991666
7.989832
7.989415
7.986093
7.982946
7.979524
7.979386
7.978094
7.977680
7.976766
7.975893
7.974319
7.973399
7.955215
7.954112
7.951097
7.950858
7.943459
7.942702
7.939556
7.939096
7.938763
7.938150
7.935202
7.933969
7.932866
7.932668
7.932522
7.932110
7.929195
7.929099
7.927306
7.923863
7.917144
7.916945
7.914808
7.914008
7.913265
7.910277
7.908593
7.907327
7.904201
7.898474
7.896137
7.895591
7.894988
7.892423
7.891138
7.889288
7.888546
7.887150
7.886081
7.880077
7.878095
7.876208
7.873755
7.872730
7.871349
7.871313
7.871309
7.871307
7.870741
7.870145
7.868601
7.867913
7.867879
7.857887
7.856456
7.855501
7.852936
7.850602
7.849967
7.849623
7.848320
7.838325
7.837954
7.837654
7.834116
7.833040
7.831216
7.829028
7.826149
7.825498
7.824068
7.821648
7.820779
7.820721
7.816867
7.813528
7.812660
7.810140
7.806293
7.804483
7.803521
7.801947
7.800684
7.800397
7.800028
7.789435
7.788652
7.787921
7.787910
7.787825
7.786149
7.786139
7.785200
7.784410
7.783582
7.783501
7.782447
7.781606
7.780737
7.779922
7.778307
7.777640
7.776202
7.775304
7.772179
7.770693
7.770016
7.769738
7.769011
7.767422
7.765355
7.762558
7.757378
7.756785
7.755569
7.753141
7.752781
7.751014
7.747753
7.742854
7.738352
7.737818
7.736108
7.732157
7.730667
7.729847
7.728336
7.726416
7.725842
7.724319
7.720168
7.711310
7.706256
7.703198
7.702961
7.701673
7.699473
7.698688
7.696290
7.694526
7.694334
7.693387
7.691998
7.690784
7.687274
7.685776
7.684235
7.682450
7.681471
7.681310
7.680119
7.679962
7.677139
7.672619
7.672280
7.668664
7.668122
7.666872
7.666008
7.665807
7.661847
7.659897
7.658231
7.651506
7.649255
7.644784
7.644249
7.639484
7.636853
7.636123
7.635850
7.632936
7.632666
7.630742
7.628329
7.625132
7.624285
7.623449
7.620520
7.619325
7.619261
7.608390
7.607803
7.606785
7.606156
7.604117
7.603564
7.598075
7.594830
7.593266
7.592710
7.592579
7.592300
7.588676
7.587157
7.586841
7.581139
7.580418
7.575335
7.575202
7.571843
7.571038
7.564678
7.564192
7.564185
7.559601
7.558645
7.558016
7.556468
7.554233
7.552016
7.551039
7.549047
7.547431
7.545606
7.543846
7.543595
7.542747
7.533998
7.530898
7.529969
7.528728
7.527823
7.523993
7.523861
7.521630
7.520550
7.518291
7.515794
7.512968
7.512771
7.511734
7.509261
7.508126
7.504877
7.502696
7.500330
7.500180
7.498608
7.498097
7.498074
7.494626
7.492977
7.490347
7.485618
7.485058
7.479946
7.479293
7.479023
7.477152
7.476736
7.475666
7.473659
7.471564
7.470755
7.469988
7.469742
7.469157
7.466661
7.466228
7.466198
7.466133
7.465665
7.463541
7.463527
7.462806
7.460565
7.460413
7.459850
7.454853
7.454760
7.450652
7.445685
7.444281
7.441679
7.440414
7.436926
7.435174
7.434731
7.434693
7.434227
7.433714
7.431417
7.426091
7.425859
7.420485
7.417351
7.414886
7.413580
7.410485
7.407014
7.404805
7.399124
7.395164
7.391347
7.391259
7.391179
7.391071
7.390417
7.388934
7.388690
7.387987
7.385929
7.383890
7.380860
7.377382
7.373061
7.371450
7.371350
7.370386
7.369944
7.368925
7.366359
7.363120
7.362137
7.361250
7.360537
7.358647
7.358356
7.357126
7.351795
7.349277
7.347762
7.346998
7.345880
7.343374
7.340979
7.339652
7.336890
7.333511
7.325585
7.324131
7.322118
7.321821
7.317848
7.316322
7.309049
7.308537
7.307705
7.307689
7.307610
7.303453
7.300837
7.300274
7.297289
7.285342
7.282015
7.280506
7.280501
7.278216
7.275026
7.273333
7.268841
7.268398
7.264379
7.264240
7.256207
7.253454
7.252894
7.243320
7.234345
7.233859
7.232784
7.223574
7.222109
7.220891
7.220171
7.218864
7.216032
7.213099
7.207309
7.205935
7.205865
7.205524
7.201925
7.199695
7.199149
7.197551
7.196280
7.195444
7.194908
7.190092
7.185168
7.184280
7.181234
7.177041
7.176246
7.176027
7.175511
7.175197
7.174270
7.173284
7.159591
7.155376
7.152408
7.146821
7.145070
7.142736
7.142167
7.141339
7.138340
7.138052
7.137972
7.137706
7.137474
7.137413
7.136508
7.130643
7.128373
7.128349
7.128308
7.128305
7.127887
7.122335
7.120602
7.117463
7.115589
7.115060
7.112937
7.112656
7.109983
7.108111
7.103715
7.102365
7.087626
7.085070
7.083288
7.082892
7.080738
7.077196
7.075420
7.072875
7.072216
7.072100
7.070727
7.068784
7.068716
7.068053
7.063732
7.063580
7.060902
7.053833
7.053032
7.051730
7.047492
7.043491
7.043348
7.042787
7.042649
7.041798
7.041471
7.040099
7.038429
7.035032
7.030603
7.029469
7.028486
7.028132
7.027712
7.023137
7.019818
7.016486
7.015849
7.015622
7.014766
7.010782
7.010383
7.009864
6.998658
6.995016
6.992187
6.991835
6.984612
6.984227
6.983529
6.980271
6.979718
6.978619
6.976162
6.975322
6.974757
6.974561
6.974327
6.971918
6.970209
6.969976
6.969475
6.968160
6.963478
6.962960
6.960905
6.960292
6.959631
6.958148
6.957229
6.956778
6.953353
6.951978
6.950583
6.949563
6.946962
6.945607
6.944778
6.944270
6.940238
6.939793
6.937160
6.933483
6.932774
6.929705
6.928607
6.927589
6.923769
6.923109
6.923072
6.922426
6.922419
6.920695
6.916409
6.914634
6.913882
6.913438
6.909740
6.900014
6.898594
6.898253
6.897414
6.896413
6.891879
6.891587
6.891338
6.886329
6.883975
6.881459
6.881427
6.880999
6.880470
6.880103
6.876649
6.874777
6.872445
6.872238
6.872035
6.868979
6.864812
6.863968
6.863550
6.861923
6.860967
6.860355
6.858703
6.854300
6.849780
6.849240
6.849182
6.848965
6.847171
6.841598
6.832222
6.830758
6.829720
6.829405
6.823739
6.822562
6.822505
6.821914
6.820187
6.820033
6.815571
6.812107
6.810040
6.808371
6.807852
6.806727
6.803253
6.802322
6.802238
6.800783
6.800307
6.797497
6.789005
6.787352
6.785412
6.785093
6.778927
6.777271
6.776008
6.772698
6.771906
6.771474
6.771440
6.769939
6.765337
6.763257
6.763074
6.760163
6.758568
6.757603
6.751054
6.750588
6.749993
6.748393
6.748299
6.743837
6.743410
6.743361
6.741676
6.739757
6.739126
6.738970
6.735230
6.729447
6.728597
6.721013
6.719472
6.719306
6.719259
6.718869
6.718063
6.717228
6.716977
6.714985
6.713809
6.712458
6.710546
6.709151
6.699958
6.699837
6.696530
6.696090
6.693654
6.690859
6.689372
6.684964
6.683950
6.682622
6.680322
6.679881
6.679008
6.675481
6.674882
6.671172
6.670177
6.669885
6.669395
6.668367
6.666185
6.665020
6.661489
6.661253
6.658594
6.657468
6.646177
6.645092
6.644339
6.644070
6.643021
6.642573
6.642154
6.640972
6.637917
6.633595
6.630358
6.630258
6.628973
6.627278
6.625316
6.624600
6.621751
6.620233
6.618474
6.615863
6.612659
6.612289
6.612206
6.610993
6.610689
6.607807
6.607130
6.606050
6.602524
6.597233
6.596117
6.594361
6.590222
6.589949
6.587737
6.583180
6.579587
6.579004
6.577642
6.576406
6.572966
6.568591
6.563902
6.558895
6.558805
6.558692
6.557783
6.556944
6.556531
6.555321
6.554936
6.552957
6.552495
6.549195
6.548129
6.545002
6.536369
6.532565
6.531754
6.527107
6.524053
6.521234
6.520145
6.518031
6.516511
6.514016
6.513510
6.509861
6.505384
6.502297
6.499424
6.498475
6.496368
6.496167
6.490908
6.488953
6.486108
6.485419
6.481530
6.478502
6.472781
6.472691
6.471620
6.469832
6.463144
6.461043
6.461020
6.460626
6.460005
6.459701
6.458256
6.457510
6.457229
6.456945
6.455612
6.453442
6.447310
6.444969
6.440079
6.438720
6.438503
6.438005
6.437692
6.435481
6.430729
6.430454
6.428208
6.427529
6.424361
6.418151
6.415672
6.413799
6.413308
6.410071
6.409576
6.409408
6.404457
6.400216
6.396477
6.396241
6.394573
6.393604
6.393449
6.387480
6.385587
6.385167
6.384752
6.384313
6.379490
6.376293
6.374411
6.372629
6.371189
6.369969
6.366982
6.366523
6.365184
6.363673
6.362814
6.360867
6.359728
6.359186
6.358361
6.352796
6.349449
6.348472
6.343571
6.339986
6.338044
6.331746
6.325982
6.322623
6.322073
6.319110
6.316418
6.307660
6.306505
6.303745
6.303228
6.302085
6.298906
6.296063
6.293793
6.293228
6.290737
6.289955
6.289312
6.286603
6.280451
6.279767
6.279707
6.274508
6.271539
6.271109
6.269088
6.265726
6.264499
6.263298
6.259012
6.257238
6.256870
6.256306
6.255807
6.252212
6.243932
6.238095
6.233797
6.232727
6.232636
6.224612
6.224156
6.221197
6.220634
6.220150
6.219653
6.215177
6.212578
6.212324
6.211625
6.209359
6.206545
6.204568
6.201472
6.200838
6.199656
6.198576
6.197689
6.197466
6.191804
6.187430
6.185257
6.181813
6.178909
6.178401
6.171176
6.170311
6.168890
6.168087
6.164602
6.164365
6.161437
6.159105
6.155584
6.154977
6.153915
6.153531
6.153472
6.152812
6.150845
6.148484
6.147273
6.146736
6.146469
6.144858
6.144128
6.142669
6.141012
6.138887
6.138206
6.137552
6.136137
6.135819
6.134679
6.132562
6.131258
6.129766
6.128101
6.125558
6.125470
6.123581
6.118847
6.116022
6.115968
6.114826
6.113996
6.112872
6.111080
6.108850
6.104873
6.104364
6.104052
6.103676
6.103033
6.102831
6.102553
6.102145
6.098704
6.097537
6.097135
6.096517
6.095728
6.095125
6.091432
6.091160
6.089967
6.089325
6.088320
6.088283
6.086564
6.084723
6.082530
6.080943
6.077975
6.075043
6.073579
6.069508
6.066578
6.062675
6.062510
6.061553
6.060410
6.057727
6.056643
6.056581
6.056204
6.056072
6.054846
6.053810
6.053367
6.053194
6.050496
6.047814
6.047029
6.046070
6.046040
6.041901
6.041383
6.041004
6.040259
6.039808
6.039627
6.039164
6.038134
6.031929
6.027429
6.025887
6.024077
6.022037
6.021667
6.020637
6.020385
6.019070
6.018392
6.017478
6.015895
6.007543
6.005304
6.005214
6.003790
6.002768
6.002686
6.001866
6.000745
5.997986
5.997219
5.994089
5.993445
5.992792
5.990790
5.988232
5.976725
5.970694
5.968636
5.966796
5.965772
5.960302
5.959874
5.959025
5.957703
5.955736
5.954380
5.951607
5.951505
5.950919
5.950536
5.949192
5.946207
5.945280
5.943855
5.943570
5.943436
5.940157
5.939479
5.938037
5.936800
5.935895
5.935371
5.934182
5.932621
5.930323
5.929744
5.929391
5.928313
5.927234
5.922185
5.921394
5.920756
5.918847
5.915288
5.912079
5.911491
5.905461
5.904745
5.899687
5.898200
5.895248
5.892524
5.892277
5.887437
5.886986
5.881569
5.876178
5.874426
5.871063
5.867986
5.867566
5.863034
5.862349
5.860558
5.860039
5.858793
5.855708
5.855707
5.846375
5.845088
5.844220
5.843928
5.839096
5.837977
5.835922
5.833802
5.832884
5.832287
5.831214
5.829402
5.828938
5.827547
5.826660
5.821404
5.820247
5.820227
5.819243
5.811782
5.810595
5.810258
5.808003
5.807493
5.805826
5.803760
5.803670
5.803366
5.802396
5.800302
5.796482
5.795213
5.792432
5.792361
5.791445
5.789003
5.785704
5.783994
5.783754
5.781769
5.780005
5.780003
5.775989
5.775904
5.775895
5.775775
5.769961
5.767541
5.764554
5.760474
5.758957
5.757795
5.757444
5.757261
5.756593
5.756526
5.755136
5.753185
5.753072
5.751791
5.750095
5.749621
5.745373
5.744201
5.739947
5.739295
5.738351
5.738215
5.737219
5.736397
5.735998
5.731928
5.730701
5.729332
5.729289
5.728512
5.728479
5.726495
5.726385
5.725233
5.724226
5.720448
5.717827
5.714583
5.713133
5.712349
5.709024
5.707789
5.705107
5.704410
5.704188
5.702247
5.701608
5.700756
5.696740
5.694665
5.693284
5.693134
5.691467
5.690873
5.689819
5.689000
5.684204
5.683942
5.681846
5.679579
5.678187
5.675998
5.675312
5.672524
5.670903
5.669391
5.666096
5.663938
5.663440
5.662584
5.661731
5.661604
5.659508
5.658893
5.657543
5.657231
5.644274
5.642863
5.636607
5.636539
5.636417
5.636028
5.634055
5.627245
5.625688
5.625214
5.624769
5.623762
5.622440
5.621538
5.621015
5.620637
5.620451
5.618384
5.617666
5.615807
5.615235
5.614161
5.613231
5.612913
5.611352
5.606567
5.605487
5.603013
5.602539
5.602330
5.597327
5.596985
5.596835
5.594306
5.590234
5.587831
5.586544
5.585366
5.585166
5.584859
5.583794
5.582078
5.580468
5.579885
5.579746
5.579166
5.578287
5.577431
5.576644
5.574245
5.573642
5.573431
5.572468
5.571217
5.567928
5.565612
5.564058
5.561793
5.560912
5.553553
5.548359
5.546844
5.542354
5.541814
5.540817
5.540662
5.538765
5.537680
5.537665
5.536798
5.531549
5.531545
5.531463
5.530209
5.529025
5.528569
5.524886
5.521925
5.518445
5.515602
5.515328
5.511549
5.508252
5.505085
5.502048
5.501533
5.499334
5.495427
5.493734
5.493500
5.492674
5.492518
5.491866
5.487452
5.486169
5.484277
5.483585
5.483148
5.482666
5.476341
5.474406
5.471936
5.471136
5.471081
5.470054
5.466623
5.464829
5.464542
5.464097
5.462914
5.460179
5.459619
5.457511
5.457378
5.456933
5.454802
5.454397
5.453276
5.451341
5.450863
5.445876
5.443233
5.442015
5.439377
5.438723
5.438256
5.437804
5.437269
5.435637
5.434585
5.434364
5.432969
5.432187
5.431871
5.428353
5.427802
5.425932
5.424829
5.422493
5.416505
5.416416
5.414896
5.412337
5.411775
5.410946
5.410390
5.400790
5.399614
5.399446
5.398245
5.397692
5.397531
5.393760
5.388617
5.387362
5.385786
5.385470
5.385217
5.384055
5.380294
5.374719
5.373764
5.372796
5.371868
5.362065
5.358888
5.350604
5.348811
5.343947
5.342775
5.341588
5.340262
5.336555
5.336408
5.335419
5.334089
5.327802
5.324957
5.323424
5.319427
5.319173
5.316524
5.312838
5.308461
5.305946
5.305672
5.305646
5.305158
5.305128
5.304976
5.304366
5.303808
5.303354
5.299106
5.293038
5.292874
5.292832
5.291205
5.285509
5.283832
5.283277
5.279639
5.279222
5.278196
5.274217
5.273678
5.264924
5.261316
5.260635
5.260205
5.257616
5.256364
5.255304
5.253757
5.252649
5.252233
5.239429
5.237536
5.236214
5.233724
5.230358
5.230022
5.229955
5.228985
5.228552
5.225967
5.222918
5.222063
5.221632
5.221224
5.214411
5.212780
5.209700
5.209398
5.206749
5.204823
5.202003
5.201396
5.199057
5.198541
5.197278
5.196553
5.195324
5.193233
5.192664
5.191687
5.191655
5.188036
5.184046
5.183455
5.181880
5.177927
5.176424
5.172347
5.172064
5.169430
5.152610
5.142085
5.139423
5.138836
5.135307
5.134661
5.134121
5.131547
5.127108
5.126203
5.125747
5.124485
5.120349
5.120248
5.119971
5.119684
5.118036
5.117077
5.114295
5.114291
5.112245
5.111940
5.111921
5.111235
5.109146
5.105207
5.099041
5.098262
5.097971
5.096677
5.095157
5.091650
5.088231
5.087781
5.086115
5.085593
5.085015
5.080238
5.078249
5.076782
5.076504
5.074980
5.073165
5.068374
5.068029
5.067332
5.066014
5.059039
5.057704
5.050908
5.049662
5.047748
5.043807
5.041880
5.036633
5.032401
5.031466
5.030578
5.029459
5.021288
5.020296
5.020196
5.016134
5.003248
5.001872
