9.999662
9.999657
9.999165
9.994126
9.991584
9.990499
9.990386
9.989911
9.987247
9.986903
9.986825
9.985705
9.984118
9.983555
9.982447
9.982397
9.981202
9.974450
9.973988
9.973912
9.973053
9.971561
9.969410
9.967551
9.964654
9.964624
9.964524
9.961734
9.961203
9.960490
9.959854
9.951632
9.949107
9.947200
9.946823
9.944010
9.941912
9.940333
9.938141
9.937991
9.931521
9.929996
9.929230
9.928248
9.926368
9.924737
9.923767
9.921909
9.912196
9.911379
9.908567
9.907043
9.903891
9.902032
9.901390
9.901161
9.899881
9.894324
9.892988
9.891329
9.891054
9.889712
9.888386
9.886969
9.883020
9.882840
9.881636
9.879855
9.878595
9.873844
9.870830
9.865788
9.864034
9.861931
9.858850
9.858548
9.854394
9.854175
9.852849
9.846072
9.842787
9.837406
9.835365
9.834288
9.834064
9.832605
9.832087
9.831132
9.830585
9.827479
9.820295
9.817188
9.814859
9.812946
9.811639
9.810848
9.808397
9.807920
9.806108
9.799509
9.798472
9.791142
9.788803
9.783396
9.780196
9.780093
9.777576
9.774460
9.772938
9.772727
9.769250
9.768830
9.768250
9.766131
9.763869
9.763013
9.758076
9.753574
9.753086
9.750948
9.750638
9.750265
9.750198
9.747548
9.744843
9.744705
9.737780
9.737025
9.733981
9.732582
9.732439
9.732138
9.730997
9.729838
9.727579
9.727201
9.726991
9.725711
9.723087
9.722263
9.721488
9.721250
9.720169
9.717466
9.716514
9.710874
9.707341
9.706669
9.704405
9.704324
9.701460
9.699455
9.699305
9.699021
9.698868
9.693956
9.691402
9.691107
9.690827
9.690031
9.687987
9.686847
9.679431
9.676118
9.674871
9.674760
9.671371
9.670467
9.670191
9.670124
9.669776
9.669302
9.669193
9.664041
9.663229
9.662819
9.662495
9.660496
9.659426
9.657422
9.657027
9.654415
9.652747
9.651683
9.651120
9.649313
9.646827
9.646536
9.645302
9.644423
9.644100
9.644025
9.642619
9.642458
9.638616
9.631933
9.629601
9.627704
9.626924
9.625757
9.625025
9.624737
9.623979
9.622744
9.620329
9.619712
9.617121
9.614417
9.613433
9.612753
9.612545
9.612148
9.611704
9.611481
9.610614
9.610095
9.607948
9.607937
9.607334
9.603380
9.602203
9.600955
9.599970
9.594887
9.594139
9.588656
9.586561
9.585529
9.584953
9.580931
9.576818
9.571165
9.569291
9.565285
9.557199
9.553793
9.551030
9.550191
9.549590
9.549285
9.548455
9.548324
9.547958
9.547422
9.547123
9.546480
9.545021
9.537972
9.536992
9.533606
9.531511
9.528513
9.527258
9.523568
9.518584
9.515377
9.511576
9.504169
9.499680
9.499591
9.498459
9.497085
9.496134
9.493519
9.490181
9.483380
9.482958
9.481063
9.478847
9.477478
9.477401
9.474835
9.474575
9.466411
9.465932
9.464168
9.462571
9.457069
9.456230
9.454130
9.453157
9.446476
9.445805
9.442831
9.441304
9.441181
9.439611
9.439282
9.437207
9.436646
9.433212
9.432895
9.429365
9.427469
9.426151
9.424781
9.423867
9.416994
9.416801
9.415931
9.412274
9.411906
9.407982
9.407595
9.405552
9.405118
9.405109
9.404949
9.404770
9.402638
9.401837
9.400377
9.399290
9.398226
9.392286
9.392000
9.388810
9.382400
9.381252
9.379101
9.378094
9.373789
9.366009
9.364716
9.363104
9.362619
9.356905
9.356766
9.348506
9.346786
9.345626
9.344649
9.339663
9.336987
9.334426
9.328507
9.328043
9.326229
9.324739
9.323773
9.322810
9.317957
9.316992
9.316331
9.315838
9.315388
9.315088
9.314800
9.314171
9.310622
9.309095
9.305710
9.304621
9.301422
9.299231
9.295089
9.294862
9.293580
9.293174
9.292899
9.292629
9.291917
9.287926
9.287574
9.286160
9.286057
9.281956
9.280704
9.280597
9.280261
9.278879
9.276821
9.271345
9.264227
9.262921
9.261715
9.260081
9.259473
9.253881
9.250547
9.249691
9.248177
9.244207
9.239006
9.238970
9.235897
9.234525
9.234444
9.231169
9.225224
9.223085
9.217333
9.216864
9.212547
9.209350
9.205677
9.205124
9.203339
9.202564
9.197132
9.193868
9.192766
9.192070
9.189734
9.189728
9.189142
9.188677
9.188670
9.182403
9.181961
9.179038
9.177322
9.173082
9.170610
9.168620
9.163258
9.160318
9.155457
9.153537
9.144419
9.143780
9.142107
9.138680
9.128219
9.125126
9.124657
9.123272
9.119349
9.119178
9.115404
9.114922
9.114090
9.111644
9.109574
9.109133
9.109071
9.107464
9.107208
9.105076
9.101955
9.098494
9.094001
9.091393
9.090600
9.089096
9.088267
9.083254
9.080797
9.080379
9.078987
9.072859
9.072438
9.071217
9.068773
9.068277
9.067983
9.066000
9.065268
9.064635
9.059285
9.054720
9.054525
9.053133
9.052963
9.052892
9.050807
9.050789
9.050648
9.050186
9.049921
9.049700
9.044753
9.043578
9.042366
9.040679
9.036814
9.035877
9.034954
9.032674
9.027674
9.027426
9.027100
9.024986
9.024960
9.023703
9.022302
9.020555
9.018799
9.014284
9.012033
9.011279
9.011232
9.010765
9.009783
9.007108
9.005953
9.002906
9.001488
8.999857
8.990720
8.990343
8.985137
8.984965
8.984956
8.983743
8.981785
8.975342
8.974193
8.971975
8.967108
8.965504
8.964071
8.963968
8.963881
8.962679
8.962141
8.961398
8.960066
8.958963
8.957860
8.954687
8.950165
8.948019
8.947278
8.941681
8.940877
8.940205
8.938657
8.935699
8.935352
8.933224
8.933000
8.930026
8.928174
8.926409
8.925709
8.923872
8.923114
8.922105
8.920969
8.918401
8.914670
8.913397
8.912624
8.906955
8.904690
8.904477
8.903996
8.902615
8.896866
8.895923
8.893752
8.892853
8.891607
8.888679
8.887880
8.887317
8.884601
8.883449
8.882927
8.877565
8.871442
8.869232
8.868835
8.867521
8.866041
8.864750
8.863903
8.862687
8.855483
8.853526
8.853345
8.850807
8.847763
8.846046
8.842216
8.841914
8.840140
8.832666
8.832553
8.832041
8.830859
8.826033
8.825907
8.825351
8.823954
8.822974
8.822130
8.820929
8.819794
8.815235
8.809231
8.807240
8.805984
8.805461
8.801636
8.801208
8.800979
8.799572
8.796652
8.796512
8.795933
8.794201
8.791906
8.791563
8.791486
8.787341
8.785783
8.785382
8.784675
8.783922
8.781723
8.778549
8.773893
8.771533
8.767040
8.766347
8.764974
8.759474
8.756694
8.756058
8.755011
8.749797
8.747711
8.744174
8.740290
8.740191
8.740054
8.738157
8.735269
8.733779
8.733283
8.731636
8.731374
8.727875
8.722160
8.722147
8.719739
8.717990
8.717184
8.716818
8.715059
8.715013
8.711817
8.710024
8.708301
8.705740
8.698940
8.697470
8.697034
8.689404
8.687907
8.687454
8.686735
8.686569
8.680974
8.678407
8.672416
8.670331
8.660648
8.660044
8.657022
8.656073
8.651087
8.650377
8.650165
8.647983
8.646959
8.646034
8.645447
8.644390
8.643370
8.642471
8.640444
8.637391
8.635632
8.634087
8.633832
8.633362
8.633354
8.627865
8.625952
8.624912
8.621350
8.620626
8.620437
8.618928
8.614244
8.614103
8.605891
8.604528
8.604083
8.599771
8.598165
8.595757
8.595181
8.594481
8.591686
8.590270
8.590048
8.584981
8.584643
8.582526
8.581150
8.580656
8.578979
8.578187
8.575721
8.574274
8.572421
8.572118
8.568750
8.564111
8.563812
8.563396
8.563057
8.559437
8.556320
8.547668
8.544698
8.542823
8.542390
8.541219
8.541186
8.541119
8.536547
8.536255
8.535923
8.534391
8.527313
8.525558
8.525269
8.521519
8.521457
8.519939
8.518469
8.516625
8.515693
8.515528
8.511301
8.509246
8.507876
8.504076
8.500851
8.494867
8.493040
8.491221
8.490870
8.490768
8.488508
8.487572
8.483404
8.480686
8.480640
8.478168
8.476017
8.475633
8.475166
8.474263
8.473729
8.472095
8.471935
8.470151
8.470030
8.463562
8.462412
8.458649
8.458129
8.456521
8.455438
8.455259
8.453552
8.451448
8.450603
8.449756
8.449354
8.446778
8.445286
8.439688
8.437944
8.437710
8.436451
8.435389
8.433125
8.421381
8.420870
8.420490
8.420125
8.417636
8.415977
8.410621
8.410140
8.409963
8.406282
8.405439
8.405362
8.403589
8.403048
8.398820
8.395945
8.395257
8.392752
8.391706
8.388895
8.385447
8.379337
8.374988
8.374044
8.374004
8.372726
8.371298
8.370043
8.369800
8.369501
8.369455
8.368993
8.368587
8.368150
8.367529
8.366663
8.366083
8.364561
8.363925
8.362886
8.356031
8.353600
8.353321
8.351128
8.347338
8.345970
8.345877
8.345264
8.344964
8.342576
8.342234
8.341881
8.332092
8.330794
8.329041
8.328703
8.320571
8.320011
8.318913
8.318509
8.314027
8.312160
8.312033
8.311452
8.310358
8.309387
8.307456
8.305167
8.300653
8.298446
8.297541
8.296892
8.294573
8.289332
8.288396
8.287591
8.283356
8.280687
8.279239
8.278266
8.278145
8.278088
8.277495
8.275230
8.272370
8.272248
8.267868
8.266972
8.265999
8.263453
8.261498
8.260278
8.260069
8.259669
8.257785
8.255756
8.255284
8.254682
8.254469
8.242383
8.242165
8.239483
8.238688
8.238010
8.234095
8.233685
8.232511
8.232465
8.232124
8.232032
8.231239
8.227594
8.223412
8.223349
8.223307
8.218058
8.213834
8.213600
8.210969
8.210013
8.209373
8.209297
8.204947
8.202685
8.199306
8.198228
8.194607
8.194120
8.193311
8.190936
8.189324
8.188609
8.185106
8.183169
8.182636
8.181124
8.180945
8.180386
8.178446
8.177428
8.175454
8.175307
8.174892
8.165403
8.164928
8.160143
8.159870
8.158806
8.158671
8.155615
8.155603
8.154085
8.150712
8.150137
8.149012
8.148793
8.142209
8.139996
8.139820
8.139676
8.137966
8.137585
8.136677
8.136513
8.135406
8.135291
8.134337
8.128119
8.127809
8.125376
8.121361
8.120825
8.120313
8.120087
8.117307
8.117290
8.114699
8.113890
8.113097
8.109998
8.109674
8.107391
8.106958
8.104815
8.104753
8.103570
8.102378
8.101974
8.101130
8.095274
8.093607
8.093005
8.091337
8.086890
8.086006
8.084385
8.080477
8.076815
8.071859
8.070257
8.069507
8.062261
8.061193
8.058960
8.058507
8.053593
8.052485
8.052021
8.051538
8.050031
8.049592
8.048670
8.046988
8.045768
8.039127
8.038796
8.037924
8.036885
8.029033
8.028470
8.028183
8.028090
8.026616
8.023767
8.019556
8.013201
8.012036
8.011263
8.010406
8.009136
8.006376
8.005359
8.004417
8.001867
8.001448
7.999743
7.998850
7.996760
7.986027
7.984397
7.980089
7.980038
7.979808
7.977685
7.975571
7.974377
7.970954
7.970089
7.969599
7.967320
7.966883
7.962767
7.962668
7.961245
7.960724
7.955724
7.954911
7.950879
7.948781
7.948013
7.946274
7.945208
7.943463
7.943434
7.942778
7.942401
7.941525
7.941365
7.940984
7.939844
7.938800
7.937964
7.937734
7.937626
7.934341
7.933827
7.933657
7.926646
7.924191
7.924032
7.923841
7.923381
7.920220
7.918654
7.917713
7.915572
7.913607
7.911263
7.907990
7.906627
7.889272
7.886072
7.885476
7.883729
7.882748
7.877759
7.874185
7.871499
7.867960
7.864088
7.862855
7.861690
7.861550
7.859360
7.856227
7.854807
7.853245
7.849629
7.845611
7.844247
7.839997
7.839980
7.832273
7.829835
7.829704
7.829535
7.824601
7.824577
7.821604
7.820852
7.815489
7.814169
7.813178
7.812058
7.810450
7.809775
7.807809
7.800138
7.790991
7.787896
7.783990
7.782447
7.774060
7.764811
7.762118
7.761462
7.754193
7.751904
7.751346
7.750815
7.747912
7.747444
7.746283
7.745445
7.743102
7.742099
7.740342
7.739584
7.737404
7.737229
7.736503
7.735625
7.727830
7.726794
7.724743
7.720352
7.719081
7.715898
7.713021
7.710049
7.709623
7.703995
7.703551
7.703074
7.702804
7.699366
7.696114
7.690317
7.688200
7.683959
7.678961
7.677521
7.675090
7.674483
7.673781
7.670622
7.666317
7.665806
7.664900
7.664847
7.664108
7.661722
7.658902
7.657149
7.656053
7.651689
7.650640
7.650435
7.649638
7.648232
7.647061
7.647015
7.646793
7.643705
7.643205
7.639203
7.636280
7.635923
7.635033
7.632545
7.629453
7.629443
7.623334
7.619810
7.616966
7.615047
7.612786
7.611625
7.608108
7.607189
7.602071
7.600211
7.598557
7.597885
7.597326
7.596893
7.596620
7.594948
7.592334
7.590223
7.589064
7.585574
7.583988
7.582052
7.581080
7.579886
7.579591
7.578912
7.578558
7.578223
7.573988
7.568915
7.567307
7.566443
7.564024
7.563073
7.562241
7.561623
7.558303
7.558178
7.556206
7.555997
7.555659
7.555255
7.554473
7.554008
7.552145
7.551186
7.550511
7.550425
7.550263
7.550030
7.549315
7.546484
7.545905
7.545222
7.545220
7.539322
7.537621
7.532875
7.529983
7.525676
7.522516
7.520161
7.518094
7.517991
7.516937
7.516379
7.513841
7.509851
7.507089
7.505736
7.504319
7.501300
7.497577
7.496021
7.491113
7.490470
7.487116
7.486225
7.485662
7.482112
7.481264
7.480926
7.477725
7.474042
7.466192
7.464193
7.460112
7.459329
7.456802
7.455901
7.455578
7.453775
7.452940
7.452338
7.451208
7.451206
7.450057
7.449626
7.444755
7.438334
7.436060
7.432514
7.428339
7.427060
7.426595
7.425717
7.424149
7.419111
7.418934
7.418489
7.416931
7.414683
7.414154
7.413640
7.413614
7.413352
7.413309
7.410233
7.409647
7.407721
7.407050
7.400995
7.398762
7.392366
7.391953
7.390493
7.389434
7.388066
7.384913
7.384310
7.380991
7.380081
7.378215
7.375193
7.372585
7.370677
7.369532
7.366954
7.365711
7.365002
7.360739
7.358312
7.357771
7.356753
7.349352
7.348646
7.346910
7.339573
7.337667
7.336665
7.335484
7.333286
7.331972
7.331256
7.327470
7.327436
7.326969
7.320605
7.319486
7.317610
7.314622
7.314615
7.314195
7.314167
7.312445
7.312316
7.311593
7.311388
7.310277
7.309020
7.305831
7.299061
7.297757
7.294203
7.293248
7.292198
7.289658
7.287313
7.284739
7.283709
7.283534
7.280624
7.279041
7.277200
7.275448
7.272866
7.272005
7.268830
7.268488
7.260691
7.260685
7.258718
7.255986
7.254363
7.254285
7.248893
7.247412
7.243319
7.239280
7.236624
7.233773
7.233048
7.232356
7.229963
7.226586
7.224511
7.224339
7.219203
7.213918
7.212093
7.208976
7.205840
7.205758
7.198710
7.198319
7.197845
7.197824
7.196601
7.193183
7.191621
7.190858
7.190443
7.186732
7.186083
7.183306
7.182231
7.179224
7.179037
7.178762
7.177500
7.168857
7.167747
7.166541
7.164997
7.164558
7.163378
7.163063
7.162713
7.161595
7.160477
7.158000
7.157680
7.156799
7.156681
7.156640
7.156497
7.155681
7.155101
7.152895
7.151714
7.151551
7.150640
7.150281
7.146487
7.143912
7.143413
7.139234
7.137563
7.134077
7.131247
7.128553
7.127850
7.127021
7.125176
7.123973
7.122467
7.120437
7.118157
7.117620
7.116894
7.116548
7.111813
7.111207
7.107642
7.104697
7.102674
7.102527
7.098897
7.097215
7.095959
7.095762
7.092319
7.091245
7.088673
7.088349
7.087518
7.087222
7.086523
7.084513
7.080631
7.079282
7.078835
7.075174
7.074715
7.073462
7.067469
7.067185
7.066183
7.064704
7.061845
7.061293
7.060001
7.058135
7.051826
7.045292
7.044788
7.040365
7.039400
7.037280
7.034908
7.029636
7.027115
7.024933
7.021737
7.019117
7.015765
7.014870
7.014037
7.005745
7.003202
7.001016
6.997176
6.995571
6.992692
6.992427
6.988573
6.986816
6.985836
6.985804
6.984439
6.983896
6.982031
6.978798
6.977508
6.976548
6.974272
6.969203
6.969118
6.965157
6.964688
6.963027
6.962316
6.960856
6.959892
6.955469
6.952984
6.951279
6.949581
6.945195
6.944060
6.937926
6.935216
6.930436
6.928575
6.927779
6.920375
6.919022
6.919017
6.918068
6.917444
6.914274
6.913367
6.910093
6.909867
6.907795
6.907154
6.905675
6.905269
6.903576
6.899032
6.897526
6.897150
6.896713
6.893878
6.893591
6.892488
6.892059
6.890421
6.888763
6.884790
6.884773
6.882953
6.882384
6.881166
6.879218
6.873518
6.871633
6.871577
6.869741
6.865578
6.865102
6.864946
6.864720
6.861258
6.861093
6.860791
6.853442
6.847465
6.846770
6.846600
6.844816
6.841020
6.840629
6.840066
6.838975
6.837982
6.836649
6.836288
6.836286
6.832887
6.831192
6.830447
6.825662
6.822821
6.818574
6.817213
6.809084
6.808125
6.806371
6.806179
6.803379
6.801629
6.800550
6.798635
6.794115
6.793322
6.793027
6.792670
6.791370
6.789456
6.788711
6.788485
6.786885
6.784287
6.781199
6.781059
6.780010
6.779733
6.778083
6.774544
6.771245
6.771114
6.771038
6.770658
6.768670
6.767983
6.767936
6.767831
6.765082
6.764545
6.763800
6.763655
6.762523
6.761922
6.757082
6.756823
6.751148
6.749640
6.747360
6.744769
6.743613
6.743432
6.739151
6.737799
6.736357
6.728593
6.725226
6.719873
6.719122
6.718252
6.717687
6.717338
6.715124
6.714873
6.713507
6.711978
6.711771
6.702459
6.702043
6.701596
6.700943
6.692101
6.691379
6.691108
6.691006
6.689956
6.675792
6.673629
6.671296
6.669589
6.668242
6.667032
6.666538
6.664061
6.662368
6.661535
6.660543
6.660013
6.655729
6.653322
6.649225
6.648286
6.647781
6.646357
6.642532
6.640985
6.640949
6.637490
6.636497
6.632602
6.630350
6.628185
6.626231
6.624197
6.619550
6.619293
6.616935
6.614588
6.614480
6.612763
6.612046
6.609299
6.607902
6.607832
6.607338
6.606162
6.605510
6.603715
6.602303
6.601205
6.597713
6.597340
6.593606
6.592745
6.588143
6.586861
6.584840
6.578961
6.578815
6.576817
6.574893
6.571477
6.570022
6.569992
6.567496
6.566913
6.561304
6.560979
6.560507
6.559608
6.559566
6.558133
6.555704
6.554539
6.553031
6.551009
6.546888
6.542397
6.541761
6.540061
6.539346
6.539156
6.532581
6.532249
6.531020
6.529315
6.528415
6.528241
6.526121
6.523001
6.517467
6.511702
6.508567
6.496160
6.495042
6.494967
6.494579
6.492877
6.492417
6.489766
6.489284
6.485188
6.485058
6.483206
6.482577
6.482378
6.482262
6.480534
6.480355
6.479977
6.473259
6.471070
6.468112
6.468046
6.467274
6.463357
6.461087
6.454534
6.454063
6.453964
6.451257
6.449056
6.445796
6.444178
6.443482
6.443147
6.441260
6.439538
6.439109
6.438071
6.437530
6.435206
6.433225
6.429372
6.425500
6.423542
6.420354
6.419219
6.418877
6.416854
6.415622
6.412747
6.411886
6.409181
6.408168
6.405976
6.404448
6.404362
6.401710
6.400440
6.400070
6.399651
6.397237
6.393518
6.393338
6.391925
6.391218
6.390178
6.385266
6.381836
6.381608
6.378722
6.374343
6.371737
6.371464
6.369102
6.366225
6.362938
6.362555
6.355134
6.352763
6.352420
6.352042
6.350889
6.347677
6.347163
6.345222
6.340952
6.340221
6.337209
6.336812
6.334918
6.327328
6.326874
6.326427
6.323329
6.317774
6.311078
6.309478
6.308398
6.306493
6.306365
6.304348
6.303726
6.301977
6.301571
6.300433
6.298539
6.296971
6.295004
6.294256
6.291153
6.290817
6.289367
6.286039
6.281993
6.279111
6.277788
6.277048
6.275753
6.274515
6.269879
6.266661
6.266189
6.264566
6.262122
6.259654
6.259220
6.258268
6.254359
6.253714
6.252484
6.252083
6.251703
6.250416
6.248069
6.245239
6.244575
6.242904
6.242383
6.240995
6.237133
6.237063
6.235757
6.233768
6.232522
6.228081
6.226174
6.226089
6.223106
6.222597
6.221960
6.219404
6.213160
6.211081
6.209665
6.209208
6.208702
6.206534
6.205965
6.205227
6.204093
6.203798
6.201856
6.201458
6.201169
6.201131
6.197143
6.195868
6.194958
6.194692
6.193971
6.192314
6.192181
6.191030
6.190288
6.187321
6.181452
6.181095
6.176066
6.175959
6.175565
6.173710
6.173336
6.173047
6.169567
6.169097
6.166875
6.164798
6.161870
6.159922
6.157731
6.157317
6.157005
6.156356
6.154932
6.154826
6.153597
6.150732
6.150724
6.147829
6.147502
6.142936
6.142796
6.142692
6.142156
6.140532
6.137708
6.137051
6.136215
6.134774
6.134666
6.130621
6.130586
6.126974
6.125587
6.125565
6.124869
6.120273
6.116348
6.116098
6.115350
6.110342
6.109395
6.108011
6.107040
6.105847
6.105191
6.104832
6.098387
6.094057
6.090880
6.087250
6.084789
6.084614
6.080956
6.079634
6.077454
6.077433
6.076719
6.075836
6.073874
6.068124
6.067137
6.064480
6.063650
6.063166
6.059426
6.056677
6.054347
6.052372
6.052027
6.049206
6.045079
6.042881
6.039176
6.039142
6.036266
6.035714
6.035381
6.033819
6.033214
6.031246
6.030943
6.030006
6.028483
6.027180
6.026006
6.014691
6.014168
6.013701
6.013700
6.004257
6.003675
6.002427
6.002222
6.000757
6.000364
5.999560
5.997891
5.997080
5.996827
5.995899
5.994282
5.993557
5.993370
5.988815
5.988715
5.985071
5.984293
5.980051
5.977536
5.971972
5.971863
5.969514
5.968568
5.965400
5.964816
5.960817
5.959682
5.957485
5.954472
5.952320
5.951534
5.951056
5.951049
5.950624
5.949015
5.948980
5.948015
5.946484
5.945952
5.944003
5.942427
5.942074
5.939808
5.938969
5.934714
5.929755
5.929308
5.923548
5.918446
5.912728
5.910842
5.910464
5.909431
5.909356
5.907584
5.905635
5.899980
5.897786
5.894161
5.890308
5.886393
5.884305
5.878763
5.877597
5.876699
5.872433
5.863696
5.862105
5.861800
5.860020
5.858634
5.858278
5.858040
5.856428
5.855055
5.854943
5.851462
5.847467
5.846390
5.843989
5.843549
5.840200
5.839186
5.838406
5.837819
5.834435
5.829914
5.827863
5.825378
5.824977
5.823922
5.823534
5.819890
5.817557
5.816551
5.812122
5.809105
5.806036
5.804842
5.802599
5.802372
5.800777
5.800132
5.798253
5.796711
5.793007
5.792446
5.789915
5.787785
5.786254
5.784282
5.783962
5.779629
5.779472
5.777994
5.777549
5.776780
5.776716
5.776602
5.771558
5.767950
5.766801
5.760870
5.759196
5.758462
5.757058
5.754729
5.754545
5.753844
5.752949
5.751209
5.747303
5.747020
5.746460
5.745324
5.743855
5.741158
5.739429
5.737787
5.733872
5.731033
5.726443
5.725102
5.723978
5.722353
5.719881
5.717525
5.717049
5.716603
5.716581
5.716157
5.715934
5.713738
5.705665
5.691994
5.690361
5.689926
5.684918
5.684006
5.682488
5.682415
5.682280
5.681623
5.680760
5.679318
5.675600
5.670000
5.669933
5.669773
5.669703
5.669617
5.663780
5.663576
5.659724
5.656971
5.653769
5.649693
5.649052
5.647959
5.647187
5.646257
5.645999
5.645679
5.642434
5.639551
5.632459
5.629258
5.625870
5.625393
5.623133
5.622945
5.622066
5.619625
5.617138
5.614892
5.613899
5.610807
5.610716
5.606401
5.605567
5.604867
5.603849
5.602250
5.602071
5.599670
5.594736
5.594106
5.594090
5.593984
5.592877
5.590457
5.589895
5.586741
5.586022
5.585207
5.580422
5.580335
5.579599
5.578801
5.577624
5.577422
5.577227
5.567546
5.566845
5.566555
5.564590
5.561898
5.561324
5.561015
5.560310
5.559933
5.557717
5.551026
5.548287
5.545946
5.540675
5.540502
5.537383
5.535188
5.531423
5.528035
5.526757
5.521750
5.517023
5.515515
5.511525
5.509686
5.508332
5.506864
5.504053
5.499181
5.495636
5.495529
5.493824
5.493184
5.491925
5.489568
5.488948
5.487768
5.486540
5.486092
5.479700
5.479266
5.474961
5.472281
5.467968
5.467813
5.467337
5.467247
5.464402
5.459597
5.458642
5.453298
5.452042
5.449845
5.447688
5.444690
5.442615
5.440524
5.439553
5.439023
5.438116
5.435843
5.435153
5.428980
5.427309
5.427158
5.425972
5.425260
5.424400
5.423720
5.421463
5.421188
5.419411
5.418552
5.417000
5.415226
5.414662
5.410175
5.409222
5.407947
5.405602
5.402143
5.401817
5.400224
5.399132
5.397534
5.393519
5.393216
5.392187
5.391809
5.390443
5.387998
5.387829
5.377944
5.376335
5.373099
5.369690
5.365205
5.364029
5.363729
5.361796
5.360775
5.359029
5.358620
5.354176
5.347330
5.346763
5.345775
5.341784
5.340920
5.340300
5.338727
5.338712
5.335245
5.334783
5.324939
5.318995
5.318553
5.317669
5.316594
5.312931
5.308770
5.302905
5.301354
5.299460
5.298894
5.293798
5.291817
5.290732
5.290648
5.287307
5.285363
5.281775
5.274408
5.273236
5.271947
5.269692
5.268483
5.264031
5.263844
5.261649
5.260613
5.260009
5.257927
5.255437
5.253628
5.250866
5.244108
5.243011
5.242625
5.241488
5.239596
5.233252
5.232310
5.231100
5.230966
5.230330
5.229986
5.224521
5.223207
5.222149
5.221273
5.219705
5.217690
5.215838
5.209280
5.208893
5.205827
5.204818
5.202580
5.202369
5.200989
5.200787
5.195382
5.192430
5.186769
5.181873
5.180854
5.178158
5.175294
5.173183
5.162730
5.160882
5.147560
5.146821
5.145998
5.145230
5.140554
5.139832
5.139392
5.136012
5.134041
5.132856
5.132226
5.131044
5.124273
5.119283
5.119252
5.118045
5.117010
5.113545
5.112855
5.112770
5.112697
5.112505
5.108985
5.107951
5.102654
5.100782
5.100306
5.100116
5.099909
5.097976
5.090685
5.089702
5.088656
5.081896
5.075583
5.075063
5.074281
5.071826
5.070089
5.069323
5.068412
5.064930
5.064706
5.064664
5.052310
5.052211
5.050494
5.050247
5.046320
5.044662
5.041880
5.035820
5.034193
5.033390
5.033260
5.030927
5.023124
5.023063
5.021406
5.017927
5.016565
5.009514
5.004786
5.004726
5.004343
5.004187
5.000341
