2.491099
2.490068
2.490010
2.489963
2.489342
2.488802
2.488222
2.488063
2.487725
2.485851
2.485678
2.485343
2.485176
2.484814
2.484299
2.483911
2.483819
2.482726
2.482597
2.481828
2.481524
2.480674
2.480560
2.480091
2.479890
2.479604
2.479259
2.479209
2.478816
2.478535
2.477829
2.477478
2.476429
2.475753
2.475669
2.475452
2.474603
2.473281
2.472410
2.469701
2.469457
2.469195
2.468460
2.466157
2.465869
2.465223
2.464585
2.464158
2.463636
2.462555
2.460278
2.459808
2.459295
2.459057
2.458942
2.458825
2.457431
2.456905
2.456224
2.456104
2.455741
2.455637
2.455031
2.454828
2.454760
2.454719
2.454498
2.454298
2.453855
2.453412
2.452692
2.452179
2.451721
2.451460
2.451406
2.451198
2.450655
2.449728
2.448882
2.448453
2.447134
2.446947
2.446831
2.446592
2.445924
2.445720
2.444379
2.444088
2.444049
2.443792
2.443744
2.443655
2.443635
2.443202
2.442972
2.441948
2.439803
2.439696
2.438059
2.437509
2.437366
2.436894
2.436641
2.436397
2.435328
2.434293
2.433730
2.432970
2.432967
2.432276
2.432014
2.431972
2.430556
2.430555
2.430180
2.430122
2.428415
2.427189
2.427186
2.427106
2.426866
2.426439
2.425372
2.425333
2.424808
2.424697
2.424512
2.424465
2.423926
2.423456
2.423343
2.423309
2.423297
2.422794
2.422639
2.422225
2.422210
2.421934
2.421683
2.421019
2.420850
2.420726
2.420533
2.420472
2.419793
2.419376
2.419370
2.417456
2.417236
2.416803
2.416652
2.416646
2.415958
2.415803
2.415580
2.414654
2.414443
2.413879
2.413819
2.413737
2.413341
2.412562
2.412491
2.411376
2.410773
2.409960
2.409624
2.408636
2.408590
2.408348
2.408055
2.407064
2.405800
2.404720
2.404421
2.403293
2.403282
2.401412
2.401174
2.400834
2.400553
2.399634
2.399533
2.399327
2.399057
2.398636
2.398256
2.398176
2.398159
2.397804
2.397768
2.397521
2.397359
2.397234
2.396947
2.396921
2.395900
2.395504
2.394988
2.394639
2.394339
2.394338
2.394189
2.393762
2.392873
2.392193
2.391273
2.391009
2.390619
2.389454
2.387943
2.387742
2.386969
2.386884
2.386436
2.384508
2.384284
2.384062
2.383495
2.383445
2.382981
2.382249
2.382179
2.382031
2.381849
2.381584
2.380831
2.380605
2.380146
2.380075
2.379787
2.379390
2.378803
2.378628
2.378198
2.377999
2.377987
2.377841
2.377100
2.376644
2.376537
2.376326
2.376216
2.375764
2.375758
2.374952
2.374797
2.374684
2.374655
2.374448
2.374017
2.373961
2.372913
2.372166
2.371749
2.369715
2.369610
2.368925
2.368227
2.367198
2.366805
2.366053
2.365942
2.365689
2.365272
2.364068
2.363910
2.363649
2.362534
2.362216
2.362173
2.361784
2.361604
2.361395
2.361251
2.361090
2.360813
2.360660
2.360465
2.359890
2.359656
2.359573
2.358667
2.358395
2.357913
2.357322
2.357319
2.357290
2.356408
2.352496
2.350774
2.350653
2.350290
2.349802
2.349800
2.349559
2.349172
2.349047
2.347592
2.347222
2.346247
2.346179
2.344864
2.344091
2.343842
2.343521
2.343034
2.342870
2.342806
2.341994
2.340576
2.338457
2.337969
2.337692
2.337360
2.337101
2.337039
2.336994
2.336956
2.335481
2.335188
2.335030
2.334409
2.332599
2.332256
2.331935
2.330813
2.330803
2.330243
2.329731
2.329581
2.329130
2.329043
2.328613
2.326948
2.325910
2.325102
2.324510
2.324295
2.323461
2.323254
2.323192
2.322982
2.322487
2.322484
2.319710
2.319467
2.319166
2.318886
2.318722
2.318490
2.317997
2.317611
2.317270
2.316782
2.316606
2.316105
2.315911
2.312582
2.311420
2.311300
2.310596
2.310185
2.309671
2.309088
2.308923
2.308637
2.308599
2.308134
2.308022
2.307752
2.307210
2.307118
2.306908
2.306680
2.306415
2.306195
2.304741
2.304021
2.303430
2.303289
2.302856
2.302812
2.302536
2.302370
2.302227
2.301256
2.300288
2.300136
2.300111
2.299291
2.299119
2.298733
2.298099
2.297890
2.297067
2.296990
2.295249
2.294905
2.294423
2.293671
2.293107
2.292641
2.292601
2.292582
2.292283
2.291984
2.290881
2.290829
2.290501
2.290061
2.289726
2.289690
2.289650
2.289206
2.288641
2.287871
2.287785
2.287461
2.287173
2.286746
2.286140
2.285159
2.284972
2.283886
2.283372
2.282554
2.282389
2.282289
2.281162
2.281112
2.280590
2.280572
2.279482
2.278328
2.277939
2.277137
2.276912
2.276900
2.276423
2.276293
2.274576
2.273202
2.272542
2.272506
2.272145
2.271519
2.270551
2.270195
2.268651
2.266862
2.265891
2.265243
2.265084
2.264584
2.264527
2.264371
2.264044
2.263375
2.263300
2.263108
2.262905
2.260164
2.259260
2.259236
2.258910
2.257693
2.257576
2.257401
2.256278
2.255916
2.255837
2.255414
2.255247
2.255242
2.255161
2.254856
2.254145
2.252186
2.252158
2.252059
2.251065
2.250753
2.248567
2.248520
2.248000
2.247603
2.246616
2.246229
2.245567
2.244755
2.244661
2.244268
2.242352
2.241609
2.241430
2.240900
2.240428
2.239294
2.239196
2.238922
2.238576
2.238271
2.237806
2.236270
2.236181
2.236083
2.235987
2.235672
2.235425
2.235398
2.235316
2.234012
2.232762
2.232093
2.231604
2.231499
2.231267
2.231213
2.230512
2.229956
2.229780
2.229655
2.229335
2.229184
2.228481
2.228446
2.228393
2.228229
2.228158
2.228152
2.227886
2.227602
2.227576
2.227204
2.226854
2.224834
2.224813
2.224525
2.224418
2.224293
2.224267
2.224041
2.223355
2.222722
2.222258
2.221843
2.221056
2.220844
2.219596
2.218018
2.217935
2.217906
2.217529
2.217234
2.217072
2.216768
2.216689
2.216340
2.216214
2.215990
2.215640
2.214817
2.212523
2.212194
2.211465
2.210333
2.209576
2.209554
2.209519
2.209161
2.207951
2.207371
2.206525
2.206076
2.205984
2.205781
2.205110
2.204815
2.204796
2.204540
2.203591
2.202346
2.201299
2.200781
2.199434
2.198609
2.197678
2.196476
2.196019
2.195974
2.195658
2.194858
2.194788
2.194040
2.193636
2.193584
2.193502
2.193497
2.192906
2.192257
2.191722
2.191369
2.191303
2.191237
2.190891
2.190219
2.189640
2.188557
2.188355
2.187893
2.187871
2.187556
2.187376
2.187098
2.187082
2.186874
2.186115
2.185858
2.185853
2.185657
2.185064
2.184941
2.183528
2.183402
2.182896
2.181701
2.181453
2.181383
2.179759
2.179481
2.179164
2.178919
2.178586
2.178411
2.177280
2.176960
2.176858
2.175903
2.175568
2.175348
2.175081
2.174974
2.174901
2.174842
2.174207
2.173926
2.173889
2.173457
2.173149
2.172617
2.172502
2.171392
2.171290
2.170784
2.170588
2.169616
2.168719
2.168702
2.167916
2.167822
2.166373
2.165737
2.165476
2.164754
2.164031
2.163733
2.162699
2.161642
2.161525
2.161500
2.160723
2.160087
2.158329
2.158309
2.158140
2.157646
2.157636
2.157279
2.156261
2.156025
2.155575
2.153600
2.152647
2.152294
2.150839
2.149000
2.148738
2.148602
2.148069
2.147191
2.147015
2.146986
2.146866
2.146698
2.146514
2.146269
2.146205
2.145413
2.145359
2.143672
2.143033
2.142873
2.142335
2.142021
2.141788
2.141636
2.141055
2.141006
2.140810
2.140631
2.139767
2.139586
2.139415
2.138607
2.138244
2.138030
2.137554
2.137174
2.136590
2.135147
2.134793
2.134647
2.134513
2.132660
2.132392
2.132078
2.131836
2.131458
2.131194
2.130798
2.129762
2.129365
2.129221
2.129064
2.129035
2.128277
2.128098
2.127246
2.127214
2.125355
2.125062
2.124971
2.124797
2.124490
2.124082
2.123816
2.123486
2.123365
2.123085
2.122856
2.122315
2.122182
2.122116
2.121365
2.120135
2.119930
2.119617
2.118906
2.118440
2.118024
2.117808
2.117701
2.116140
2.115877
2.115663
2.115642
2.115411
2.114713
2.114304
2.113970
2.113749
2.113212
2.112821
2.112438
2.112188
2.111515
2.111447
2.110805
2.110354
2.110118
2.109323
2.109319
2.108886
2.108675
2.107960
2.107337
2.106959
2.106755
2.106727
2.106405
2.105638
2.105471
2.105319
2.104933
2.104335
2.103332
2.102561
2.102521
2.101639
2.101055
2.100032
2.099837
2.098997
2.098951
2.098329
2.097347
2.097285
2.096667
2.096429
2.096364
2.095912
2.095335
2.092659
2.091552
2.090288
2.090170
2.089791
2.089302
2.089131
2.088971
2.088914
2.086090
2.084928
2.083803
2.083069
2.082766
2.081653
2.080925
2.080422
2.079374
2.078883
2.078863
2.078321
2.077948
2.077472
2.076833
2.076600
2.076450
2.076107
2.075112
2.074771
2.074583
2.073154
2.071737
2.071593
2.070993
2.069420
2.067762
2.067421
2.067091
2.066549
2.066537
2.064527
2.064399
2.064191
2.063912
2.061542
2.060838
2.060670
2.060378
2.060165
2.060050
2.059364
2.058576
2.056997
2.055898
2.055140
2.054777
2.054252
2.054222
2.054217
2.054132
2.052700
2.052366
2.052131
2.051797
2.051204
2.050936
2.050456
2.050056
2.049983
2.049849
2.049706
2.049558
2.048634
2.046773
2.046052
2.045439
2.044270
2.043931
2.043250
2.042801
2.042697
2.042483
2.042066
2.041915
2.040853
2.039477
2.039258
2.038681
2.038253
2.037645
2.037506
2.037266
2.036889
2.035882
2.035810
2.035245
2.035203
2.035011
2.034987
2.034970
2.034905
2.034788
2.033664
2.033287
2.032909
2.032543
2.032408
2.032335
2.032043
2.031826
2.031812
2.031608
2.030715
2.030677
2.030528
2.030515
2.029612
2.029323
2.029151
2.028308
2.027572
2.026814
2.026658
2.026614
2.026134
2.025860
2.025537
2.025367
2.025232
2.024361
2.024165
2.023976
2.023300
2.022075
2.021739
2.020145
2.020084
2.019714
2.019541
2.019075
2.017865
2.017392
2.016216
2.016207
2.016189
2.016119
2.015825
2.015520
2.015300
2.014281
2.014183
2.014148
2.014122
2.014105
2.013919
2.011775
2.011196
2.010894
2.009986
2.009847
2.008482
2.008303
2.007362
2.006928
2.006711
2.006078
2.005584
2.005431
2.004884
2.002689
2.001590
1.998761
1.998675
1.998628
1.998458
1.998312
1.997973
1.997536
1.997431
1.996854
1.996630
1.995553
1.995433
1.994932
1.994565
1.993966
1.993915
1.993218
1.992707
1.992416
1.992353
1.991513
1.991259
1.991217
1.991171
1.990972
1.989963
1.989523
1.988970
1.988826
1.988532
1.987047
1.985960
1.985131
1.984827
1.984671
1.984199
1.982516
1.981613
1.981185
1.980735
1.980428
1.979935
1.979459
1.979315
1.979303
1.978816
1.978623
1.978031
1.977499
1.977360
1.977040
1.976440
1.976237
1.976017
1.975758
1.975602
1.975179
1.974637
1.974384
1.972674
1.972367
1.971777
1.971536
1.970903
1.970663
1.970576
1.970533
1.970129
1.969978
1.969441
1.969086
1.968751
1.968112
1.967684
1.966961
1.966668
1.966654
1.966581
1.965564
1.963850
1.962615
1.961698
1.961404
1.961290
1.960664
1.960307
1.960290
1.959450
1.959075
1.958874
1.957756
1.957501
1.956371
1.955789
1.955131
1.954381
1.953814
1.952975
1.952956
1.952771
1.952758
1.952484
1.952009
1.951934
1.951436
1.949522
1.949241
1.949005
1.948667
1.948507
1.948269
1.947963
1.947671
1.947269
1.946823
1.946607
1.945927
1.945159
1.945051
1.943987
1.943287
1.942749
1.942697
1.942163
1.940195
1.939114
1.938732
1.938661
1.938074
1.937729
1.937707
1.937465
1.936952
1.936609
1.936470
1.936161
1.935979
1.935484
1.935461
1.935443
1.935331
1.935135
1.934998
1.934686
1.934680
1.933564
1.933506
1.933506
1.932420
1.932366
1.931645
1.931598
1.930122
1.930017
1.929265
1.928732
1.928207
1.928007
1.927845
1.927044
1.925870
1.924565
1.924318
1.924152
1.923951
1.923760
1.921672
1.920949
1.920097
1.919821
1.918458
1.918115
1.918055
1.918042
1.917669
1.917113
1.916620
1.915981
1.914166
1.914149
1.913855
1.913539
1.913060
1.912428
1.911741
1.911462
1.911171
1.911082
1.910446
1.909221
1.909080
1.908834
1.908641
1.908048
1.906678
1.906494
1.905946
1.905035
1.903863
1.902755
1.901508
1.900627
1.900238
1.900208
1.899677
1.899326
1.898960
1.898880
1.897999
1.897253
1.897059
1.896562
1.896095
1.895786
1.895407
1.894711
1.894394
1.894146
1.892919
1.892804
1.892433
1.892359
1.891881
1.891578
1.891457
1.891078
1.890591
1.890495
1.890367
1.890207
1.890032
1.889671
1.887209
1.887052
1.887037
1.886946
1.886157
1.885020
1.884479
1.884006
1.883591
1.882704
1.882442
1.882201
1.881790
1.881485
1.881217
1.881148
1.880603
1.880044
1.879675
1.879542
1.879255
1.879138
1.879104
1.878942
1.878761
1.878704
1.878456
1.877715
1.876376
1.875876
1.875122
1.873725
1.873296
1.873127
1.872355
1.872199
1.872048
1.869506
1.869091
1.868330
1.867076
1.866833
1.864968
1.864484
1.864350
1.864257
1.864234
1.864169
1.864004
1.863472
1.862959
1.862768
1.862372
1.861733
1.860638
1.860248
1.860134
1.859251
1.859210
1.859163
1.858778
1.858498
1.858178
1.855773
1.855712
1.855031
1.854892
1.854836
1.853901
1.853417
1.852266
1.851697
1.851529
1.851370
1.851075
1.850842
1.850785
1.850096
1.849528
1.847952
1.846129
1.845922
1.845751
1.845356
1.844602
1.844446
1.844399
1.843975
1.843933
1.843806
1.843711
1.843250
1.842800
1.842697
1.841513
1.841301
1.841280
1.840536
1.840224
1.840114
1.839517
1.839421
1.839271
1.838787
1.838720
1.838688
1.838035
1.837959
1.837595
1.837114
1.836965
1.836598
1.836154
1.835899
1.835668
1.834799
1.834515
1.834409
1.833556
1.833433
1.833200
1.832961
1.832160
1.831903
1.831166
1.829988
1.829818
1.829523
1.829204
1.828912
1.826316
1.826194
1.825840
1.823767
1.823751
1.823425
1.823160
1.822814
1.821076
1.821060
1.820765
1.820695
1.819111
1.819075
1.818553
1.818534
1.818316
1.817484
1.817299
1.816717
1.816131
1.815697
1.809408
1.808665
1.808612
1.808068
1.807869
1.807084
1.806211
1.805861
1.805695
1.805283
1.804226
1.804183
1.803883
1.803830
1.803439
1.803075
1.802872
1.799222
1.798742
1.797188
1.796766
1.795948
1.795847
1.795815
1.795634
1.795393
1.794913
1.794885
1.793138
1.791708
1.791657
1.791582
1.791181
1.790673
1.790359
1.789890
1.787948
1.787887
1.786596
1.786164
1.785138
1.784950
1.784340
1.784123
1.783082
1.782484
1.782204
1.782182
1.781637
1.781532
1.780535
1.780425
1.780423
1.779992
1.779747
1.779607
1.779601
1.778757
1.777333
1.776046
1.775686
1.775247
1.775044
1.775009
1.774993
1.774646
1.774482
1.774251
1.773840
1.773817
1.773656
1.773395
1.773115
1.772274
1.771262
1.771226
1.771135
1.770622
1.768823
1.767996
1.767875
1.767148
1.767118
1.766599
1.766566
1.765987
1.765786
1.764968
1.764748
1.764533
1.763977
1.763962
1.763593
1.762925
1.762854
1.762819
1.762274
1.762205
1.762188
1.761282
1.760796
1.759821
1.759688
1.759525
1.759284
1.758232
1.757852
1.757160
1.756710
1.755206
1.755086
1.754872
1.754253
1.754089
1.753679
1.753397
1.752508
1.752000
1.751718
1.750597
1.750396
1.749862
1.749269
1.748704
1.748579
1.748258
1.748250
1.747137
1.747005
1.746462
1.746263
1.746253
1.746192
1.745273
1.744741
1.744421
1.744252
1.744157
1.740762
1.740289
1.739997
1.739174
1.739110
1.738765
1.737513
1.737264
1.736977
1.736580
1.736549
1.735353
1.735077
1.734875
1.734468
1.734379
1.732643
1.732571
1.732166
1.731348
1.730445
1.729033
1.729015
1.728975
1.728317
1.726843
1.725845
1.725612
1.724006
1.723950
1.723334
1.723152
1.722421
1.720055
1.719897
1.719582
1.719578
1.718551
1.718174
1.717947
1.716753
1.715577
1.715330
1.715265
1.714969
1.714647
1.713823
1.713201
1.712457
1.712451
1.712392
1.712349
1.712183
1.711257
1.710160
1.709989
1.709964
1.709890
1.708808
1.708479
1.708423
1.708324
1.708137
1.707837
1.707833
1.707466
1.707288
1.706892
1.705942
1.705263
1.705030
1.704505
1.704262
1.704111
1.703337
1.703259
1.702968
1.702835
1.702392
1.702359
1.702282
1.702251
1.701093
1.701047
1.700605
1.699754
1.697467
1.697170
1.696573
1.696126
1.695909
1.695873
1.695289
1.693243
1.692532
1.692347
1.691125
1.691072
1.690629
1.690599
1.688528
1.688340
1.687087
1.686761
1.685917
1.685537
1.685477
1.685111
1.685091
1.683976
1.683383
1.683088
1.683019
1.682622
1.682355
1.681982
1.681732
1.680945
1.680471
1.678856
1.677932
1.677767
1.677570
1.677354
1.675367
1.674900
1.674620
1.674418
1.674105
1.674007
1.673862
1.673786
1.673304
1.672945
1.672929
1.672451
1.672336
1.670673
1.670659
1.670644
1.669567
1.669513
1.669403
1.669099
1.669030
1.668907
1.668603
1.668574
1.667593
1.666454
1.666075
1.665978
1.665682
1.665371
1.664206
1.664062
1.663563
1.662921
1.661605
1.661411
1.661337
1.661322
1.661252
1.660992
1.660972
1.660638
1.660029
1.659578
1.659172
1.657905
1.657782
1.657476
1.657199
1.657155
1.656114
1.655771
1.655630
1.655615
1.655123
1.654859
1.653888
1.653770
1.653468
1.653249
1.652765
1.651061
1.650856
1.650741
1.650686
1.649794
1.649374
1.647976
1.647720
1.647374
1.647233
1.646938
1.646282
1.646223
1.645786
1.645691
1.645535
1.645516
1.643707
1.642916
1.642601
1.642292
1.641799
1.640865
1.640769
1.640193
1.640152
1.639892
1.639734
1.639235
1.636351
1.635290
1.635046
1.634655
1.633708
1.633573
1.632064
1.631506
1.631114
1.630998
1.630458
1.630322
1.630315
1.630210
1.629695
1.629340
1.628982
1.628550
1.628346
1.627924
1.627896
1.627817
1.627679
1.626805
1.626495
1.625665
1.625400
1.624528
1.621624
1.621274
1.620395
1.620307
1.619897
1.619237
1.618985
1.618896
1.618810
1.617974
1.617944
1.617747
1.616581
1.616420
1.616066
1.615138
1.614789
1.614377
1.613459
1.613272
1.612886
1.612824
1.610892
1.610212
1.610129
1.609981
1.608881
1.608850
1.607972
1.607557
1.607416
1.607015
1.605835
1.605695
1.605689
1.604729
1.604496
1.603618
1.603527
1.603298
1.603152
1.602401
1.602321
1.601731
1.600812
1.600181
1.600151
1.599791
1.599660
1.599618
1.599403
1.599091
1.597797
1.597720
1.597556
1.597506
1.597312
1.597203
1.597124
1.596809
1.596638
1.596235
1.596182
1.595037
1.594879
1.594678
1.594547
1.594255
1.594111
1.593935
1.593721
1.593459
1.591956
1.591701
1.590757
1.590717
1.590154
1.589974
1.589523
1.589357
1.589221
1.588919
1.588495
1.588386
1.587866
1.587788
1.585738
1.584802
1.584785
1.584196
1.584096
1.584033
1.582824
1.582532
1.581554
1.580944
1.580688
1.580251
1.579501
1.578600
1.578253
1.578228
1.577922
1.577392
1.577224
1.576934
1.576797
1.575211
1.574773
1.574553
1.573904
1.573637
1.573530
1.572226
1.571811
1.571535
1.571151
1.570923
1.570907
1.569065
1.568994
1.568843
1.568324
1.568182
1.567170
1.565850
1.565740
1.565083
1.564057
1.564056
1.563653
1.562722
1.562369
1.562196
1.561028
1.560546
1.559837
1.559670
1.558527
1.555839
1.555772
1.554668
1.554411
1.553554
1.552085
1.550994
1.550554
1.549736
1.547884
1.547760
1.546981
1.546781
1.546629
1.546527
1.546525
1.546248
1.546054
1.545110
1.544875
1.543724
1.543521
1.542786
1.542632
1.541217
1.541182
1.541095
1.540174
1.539952
1.539927
1.539461
1.539243
1.539146
1.538757
1.537918
1.537330
1.536743
1.536708
1.536640
1.535987
1.535923
1.535899
1.535747
1.535279
1.535034
1.533711
1.533676
1.533577
1.533281
1.533082
1.533031
1.532376
1.531658
1.531460
1.531356
1.530906
1.530479
1.529957
1.529893
1.529629
1.529030
1.527224
1.526643
1.526180
1.526053
1.525549
1.524797
1.524157
1.523866
1.523325
1.523195
1.523092
1.523044
1.521950
1.521455
1.520884
1.520739
1.520617
1.520107
1.519951
1.519929
1.519235
1.519133
1.518839
1.518621
1.518484
1.518327
1.518297
1.517766
1.517087
1.516975
1.516922
1.516666
1.516004
1.515598
1.514945
1.514504
1.514113
1.513713
1.512910
1.512729
1.511672
1.511599
1.511096
1.509651
1.509605
1.508700
1.507405
1.505712
1.504725
1.504587
1.503453
1.503210
1.503116
1.503107
1.502211
1.501376
1.501081
1.500579
1.500515
1.499792
1.499788
1.499744
1.499410
1.498467
1.497518
1.497189
1.496956
1.496814
1.496274
1.495681
1.495221
1.494991
1.494238
1.492390
1.492237
1.492222
1.492161
1.491758
1.490888
1.490674
1.490369
1.489042
1.488695
1.488654
1.488492
1.487907
1.487535
1.486959
1.486069
1.484879
1.483844
1.483488
1.483233
1.483110
1.482858
1.480190
1.479933
1.479593
1.479455
1.478687
1.478144
1.478097
1.477869
1.477333
1.476834
1.476575
1.475992
1.475636
1.473788
1.473728
1.472985
1.470959
1.470768
1.470404
1.470372
1.469409
1.469192
1.468203
1.467954
1.467783
1.466963
1.466457
1.466331
1.466045
1.465786
1.465115
1.464769
1.463944
1.463932
1.463596
1.463082
1.462818
1.462310
1.461429
1.461133
1.460771
1.460466
1.460128
1.460105
1.459903
1.459826
1.459748
1.459251
1.458468
1.457624
1.457534
1.457515
1.456353
1.455997
1.455809
1.455408
1.455328
1.453907
1.453568
1.453545
1.453272
1.453107
1.452769
1.452474
1.451875
1.449707
1.449125
1.448337
1.448297
1.448268
1.448169
1.446993
1.446905
1.446851
1.446458
1.446452
1.446208
1.445214
1.445096
1.444300
1.444090
1.443503
1.441456
1.440687
1.440503
1.439918
1.439774
1.438738
1.438173
1.438016
1.437778
1.436846
1.436716
1.435667
1.435324
1.434680
1.433331
1.432756
1.432628
1.432296
1.432203
1.432183
1.431933
1.431400
1.431186
1.431174
1.430729
1.429341
1.428661
1.428655
1.427625
1.427541
1.427349
1.427035
1.427032
1.426957
1.426395
1.426257
1.426021
1.425906
1.425513
1.425457
1.423749
1.423608
1.422612
1.421940
1.421709
1.421447
1.420498
1.419940
1.418783
1.417715
1.417398
1.417099
1.416036
1.415911
1.415888
1.415292
1.414652
1.414232
1.414193
1.412150
1.412061
1.411570
1.411416
1.411300
1.410848
1.410845
1.409807
1.409721
1.409596
1.409585
1.409291
1.409085
1.407702
1.406982
1.405447
1.405336
1.405067
1.404655
1.403901
1.403691
1.403515
1.402805
1.402786
1.402462
1.399448
1.399440
1.397904
1.397247
1.396939
1.396806
1.395727
1.395416
1.395051
1.394028
1.392870
1.392015
1.391002
1.390895
1.390746
1.390549
1.389973
1.389940
1.388186
1.387773
1.387108
1.386080
1.386077
1.385630
1.385102
1.384427
1.384333
1.384266
1.383749
1.383475
1.382898
1.382709
1.382457
1.382255
1.382197
1.381880
1.381561
1.381345
1.380920
1.379019
1.378578
1.377942
1.377715
1.377520
1.376779
1.376108
1.375678
1.375398
1.375255
1.373875
1.373447
1.373376
1.372835
1.372314
1.371830
1.371491
1.371233
1.370924
1.370794
1.370656
1.368328
1.367826
1.367190
1.366917
1.365452
1.364366
1.364015
1.363972
1.363684
1.362530
1.362498
1.362349
1.362145
1.362113
1.362006
1.361620
1.360535
1.360488
1.360389
1.360357
1.359485
1.359146
1.359004
1.357172
1.357158
1.356886
1.356704
1.356695
1.356594
1.356212
1.356038
1.355176
1.354092
1.353653
1.353509
1.353496
1.353435
1.353280
1.352370
1.351737
1.351491
1.351404
1.350752
1.350360
1.350244
1.348688
1.347713
1.347604
1.346747
1.345880
1.345671
1.345288
1.345148
1.344498
1.344065
1.343584
1.342915
1.342478
1.342020
1.341802
1.341475
1.341164
1.340486
1.339638
1.339427
1.339146
1.339035
1.339005
1.338889
1.338203
1.337623
1.336502
1.335600
1.335380
1.335044
1.334436
1.334316
1.334230
1.333532
1.333522
1.331986
1.331954
1.331895
1.331081
1.330646
1.330637
1.330501
1.330360
1.329841
1.329618
1.328963
1.328649
1.328270
1.328224
1.328134
1.328094
1.327456
1.327262
1.326330
1.326321
1.326244
1.325971
1.325899
1.325896
1.325752
1.325288
1.325079
1.324567
1.324120
1.323566
1.321627
1.321039
1.320716
1.320329
1.318949
1.318375
1.318344
1.317764
1.317764
1.317647
1.317602
1.317151
1.316602
1.316494
1.316177
1.315670
1.315574
1.313379
1.312978
1.312722
1.311434
1.311285
1.311012
1.309869
1.309671
1.307080
1.307048
1.306838
1.305609
1.304574
1.302304
1.301726
1.301576
1.301547
1.299953
1.298377
1.297564
1.297372
1.297353
1.296903
1.296691
1.296488
1.296385
1.296149
1.295955
1.295515
1.294996
1.294764
1.294710
1.294666
1.293569
1.292802
1.291687
1.291467
1.291427
1.289230
1.288394
1.288229
1.288198
1.288188
1.287895
1.286658
1.286439
1.285827
1.285470
1.285072
1.284825
1.284008
1.283934
1.283546
1.283309
1.282536
1.282148
1.278619
1.276239
1.275815
1.275757
1.272942
1.272855
1.272713
1.271704
1.271541
1.270760
1.270598
1.270148
1.269633
1.269044
1.268809
1.268600
1.268376
1.268043
1.267704
1.266557
1.264587
1.263426
1.262855
1.262267
1.261492
1.261312
1.261074
1.260280
1.259984
1.259977
1.259920
1.259508
1.258725
1.257063
1.256936
1.256560
1.254934
1.254517
1.254460
1.254424
1.254199
1.254013
1.253832
1.253282
1.252832
1.252777
1.252563
1.252192
1.252168
1.251227
1.251146
1.251138
1.250343
1.249998
1.249839
1.249255
1.247990
1.247644
1.247245
1.246795
1.246051
1.245773
1.245383
1.245134
1.244949
1.244160
1.243918
1.243835
1.243646
1.243441
1.243009
1.242435
1.241480
1.241121
1.239570
1.238259
1.237979
1.237875
1.237284
1.237210
1.236981
1.236880
1.236787
1.236553
1.236106
1.235696
1.235508
1.234972
1.234461
1.233559
1.233117
1.233104
1.231929
1.231505
1.231037
1.230875
1.230347
1.230286
1.230086
1.229780
1.228900
1.228763
1.228520
1.227880
1.227649
1.227561
1.226988
1.226708
1.226642
1.226507
1.226464
1.225410
1.225381
1.225259
1.224844
1.224830
1.224749
1.223966
1.223608
1.223567
1.223213
1.222388
1.222031
1.221856
1.221839
1.221828
1.221550
1.221239
1.221212
1.220684
1.220088
1.219691
1.219658
1.218551
1.217888
1.217313
1.216652
1.216457
1.216428
1.216036
1.215817
1.215562
1.215368
1.214996
1.214991
1.214059
1.213618
1.213012
1.213005
1.212301
1.212057
1.211782
1.210640
1.210468
1.209263
1.209086
1.209013
1.208632
1.208108
1.207492
1.207230
1.206333
1.204669
1.204460
1.204146
1.204068
1.203581
1.201431
1.200961
1.200940
1.200621
1.199619
1.199482
1.199240
1.198351
1.198281
1.197677
1.197402
1.197167
1.197087
1.196451
1.196092
1.194858
1.194579
1.193818
1.193497
1.193182
1.193039
1.192150
1.192137
1.191732
1.191141
1.190412
1.190356
1.190200
1.189982
1.189546
1.188835
1.188618
1.187850
1.187693
1.187617
1.187438
1.185739
1.185282
1.185032
1.184557
1.184556
1.184209
1.184074
1.183588
1.182647
1.182226
1.181415
1.180793
1.180192
1.180183
1.178053
1.178020
1.176855
1.176780
1.175865
1.175611
1.175148
1.174952
1.173973
1.173931
1.173782
1.173289
1.173256
1.173081
1.172453
1.171838
1.171070
1.170644
1.169792
1.167525
1.166139
1.165624
1.165082
1.164883
1.164839
1.164214
1.163269
1.162968
1.162714
1.162575
1.162212
1.159703
1.159048
1.158582
1.158564
1.158535
1.157119
1.157066
1.156971
1.156712
1.156699
1.156483
1.156462
1.156342
1.156260
1.155925
1.155565
1.155407
1.155221
1.154872
1.151008
1.150970
1.150612
1.150236
1.150067
1.149718
1.148872
1.146815
1.145544
1.145315
1.145257
1.144839
1.144489
1.143769
1.143045
1.142985
1.142133
1.141988
1.140858
1.140228
1.140001
1.139799
1.139027
1.138738
1.138221
1.137912
1.136859
1.136268
1.136042
1.135761
1.134360
1.133768
1.133710
1.133136
1.130560
1.130173
1.130029
1.130005
1.129904
1.129611
1.129243
1.128799
1.128770
1.127967
1.127495
1.127059
1.126250
1.125892
1.124828
1.122667
1.122524
1.122240
1.121481
1.120859
1.120780
1.118509
1.118022
1.117579
1.117370
1.116320
1.116029
1.116008
1.115887
1.115878
1.115462
1.114083
1.113872
1.112671
1.112504
1.112134
1.111405
1.111341
1.111106
1.109727
1.109657
1.109458
1.107985
1.107794
1.107170
1.106977
1.106971
1.106922
1.106226
1.106130
1.106067
1.105612
1.105553
1.105066
1.103800
1.102702
1.102014
1.101573
1.099852
1.098921
1.098854
1.098386
1.098363
1.097537
1.096994
1.096950
1.094731
1.094171
1.092072
1.091888
1.091591
1.091037
1.090538
1.088603
1.088034
1.087306
1.087089
1.086957
1.086232
1.085886
1.084916
1.084679
1.083845
1.082157
1.081714
1.081338
1.080000
1.079772
1.079465
1.079216
1.078645
1.078561
1.078458
1.078356
1.076775
1.076754
1.076380
1.076246
1.076118
1.075801
1.075668
1.074851
1.074670
1.074550
1.074080
1.073322
1.073167
1.073020
1.070918
1.068640
1.068626
1.067479
1.067401
1.067117
1.066772
1.066226
1.065129
1.064966
1.064690
1.063982
1.063396
1.063338
1.063034
1.062379
1.062287
1.061861
1.060999
1.060431
1.060393
1.060195
1.059505
1.059426
1.059335
1.057919
1.057340
1.057237
1.056870
1.055793
1.055315
1.054943
1.054021
1.053593
1.053352
1.053216
1.052806
1.052576
1.052291
1.051451
1.051164
1.049906
1.049407
1.048962
1.047815
1.047775
1.047423
1.046950
1.046096
1.045824
1.045731
1.044405
1.043602
1.043169
1.041749
1.040349
1.038498
1.038435
1.038188
1.038188
1.037670
1.037294
1.037238
1.036767
1.036318
1.035570
1.035087
1.034392
1.034208
1.033309
1.033137
1.032174
1.031591
1.031591
1.031329
1.030823
1.030375
1.029815
1.029525
1.029205
1.028622
1.028106
1.028028
1.027982
1.027925
1.027333
1.026289
1.025187
1.025123
1.025093
1.024659
1.023885
1.023730
1.022571
1.021264
1.020822
1.020639
1.020526
1.019665
1.019434
1.019289
1.017811
1.017532
1.017339
1.016810
1.016555
1.015745
1.015688
1.013690
1.012819
1.012770
1.012552
1.012086
1.011993
1.011915
1.010935
1.010828
1.010335
1.010315
1.010121
1.009408
1.009280
1.007573
1.006963
1.006309
1.004073
1.003264
1.002738
1.002588
1.001194
1.000694
1.000619
0.999433
0.998678
0.997208
0.996789
0.996234
0.995090
0.994748
0.994399
0.994147
0.994052
0.993278
0.993230
0.992620
0.992290
0.991710
0.991436
0.991424
0.990876
0.990558
0.990430
0.989373
0.989332
0.989148
0.987936
0.987844
0.987125
0.987084
0.987077
0.986675
0.985619
0.983943
0.983769
0.983648
0.983343
0.983016
0.982789
0.982746
0.982408
0.981438
0.981375
0.981234
0.980731
0.980728
0.980367
0.980298
0.979775
0.979725
0.979292
0.979263
0.978570
0.978343
0.978288
0.977640
0.977276
0.976093
0.975753
0.975031
0.973750
0.973608
0.973002
0.972425
0.968874
0.968753
0.968013
0.966402
0.965854
0.965644
0.964170
0.964120
0.962028
0.962027
0.960241
0.959905
0.958728
0.957954
0.957947
0.957469
0.957335
0.956283
0.954223
0.954011
0.952710
0.951775
0.951377
0.951346
0.950937
0.950777
0.949691
0.949308
0.949177
0.948575
0.946342
0.946026
0.945678
0.945665
0.945274
0.944428
0.944178
0.944067
0.943977
0.943927
0.942983
0.941994
0.941628
0.941344
0.941215
0.941083
0.940483
0.940080
0.939903
0.939769
0.939683
0.938202
0.938064
0.937776
0.937150
0.936883
0.936862
0.935695
0.934796
0.934200
0.932802
0.932463
0.932419
0.931516
0.931433
0.931181
0.931020
0.929267
0.929162
0.929021
0.928004
0.927645
0.926486
0.926377
0.926106
0.925972
0.925642
0.925435
0.925194
0.925125
0.924692
0.923525
0.923299
0.923145
0.923121
0.922918
0.922832
0.922173
0.921494
0.921287
0.920585
0.920534
0.920047
0.919907
0.919608
0.919267
0.918567
0.917264
0.917186
0.917008
0.916830
0.914779
0.913703
0.913655
0.913483
0.911518
0.911150
0.910730
0.910565
0.909219
0.909023
0.907796
0.907662
0.907308
0.907273
0.906870
0.906768
0.906398
0.906222
0.906110
0.904716
0.903262
0.903190
0.902591
0.902550
0.901989
0.901692
0.901214
0.900418
0.900169
0.900012
0.898773
0.898707
0.898562
0.897824
0.897020
0.895745
0.895703
0.895433
0.895298
0.895278
0.895221
0.895113
0.894887
0.894469
0.894145
0.893591
0.893583
0.893487
0.893341
0.893172
0.892991
0.892662
0.892542
0.892216
0.891873
0.891043
0.890556
0.889555
0.889386
0.889238
0.888974
0.887582
0.886354
0.886146
0.885843
0.885654
0.885445
0.884974
0.884033
0.884006
0.883238
0.882878
0.882839
0.882257
0.882083
0.881446
0.880285
0.880189
0.879854
0.878820
0.878761
0.878561
0.878133
0.877968
0.877963
0.877525
0.877076
0.877062
0.877004
0.876167
0.876142
0.875700
0.875655
0.875578
0.875116
0.873909
0.873662
0.873650
0.872690
0.871817
0.871716
0.870441
0.870159
0.870106
0.869832
0.869596
0.869075
0.867742
0.867607
0.867432
0.867278
0.866397
0.866008
0.865942
0.864200
0.863701
0.863641
0.863188
0.862175
0.861672
0.861290
0.861219
0.861068
0.860462
0.860194
0.859989
0.859676
0.858158
0.858010
0.857778
0.857705
0.857019
0.856024
0.855702
0.855464
0.854329
0.853958
0.853757
0.853549
0.852123
0.852014
0.851414
0.850370
0.849914
0.847605
0.845785
0.845772
0.844150
0.842792
0.842336
0.841403
0.840280
0.839290
0.838944
0.838616
0.837883
0.837753
0.837391
0.836977
0.836593
0.835847
0.835818
0.835094
0.835069
0.834889
0.834604
0.833280
0.833079
0.833077
0.832336
0.832025
0.831854
0.831296
0.831117
0.831113
0.830751
0.830219
0.829327
0.827795
0.827525
0.825589
0.823970
0.823883
0.823862
0.823456
0.822680
0.822098
0.820810
0.820631
0.820294
0.819566
0.819520
0.818305
0.817852
0.817007
0.816751
0.816745
0.815609
0.815255
0.814568
0.814062
0.813515
0.813146
0.813035
0.812918
0.812578
0.812045
0.811944
0.811903
0.811485
0.811349
0.810714
0.810653
0.809423
0.808653
0.807359
0.807149
0.806973
0.804679
0.804149
0.802995
0.802963
0.802833
0.802041
0.801521
0.801464
0.800365
0.800063
0.799398
0.799300
0.799163
0.798175
0.797801
0.797304
0.796555
0.794855
0.794724
0.794543
0.794514
0.793935
0.793935
0.793811
0.793740
0.793541
0.793180
0.793119
0.792716
0.792209
0.791635
0.791508
0.791234
0.791107
0.790817
0.790083
0.789975
0.789819
0.789455
0.789245
0.788990
0.787356
0.786895
0.786884
0.786802
0.786225
0.786168
0.785375
0.783323
0.783288
0.783176
0.782592
0.782509
0.781976
0.781525
0.780805
0.780683
0.780673
0.780486
0.779983
0.779786
0.779165
0.778427
0.777718
0.777685
0.777683
0.777288
0.776939
0.776691
0.776544
0.775773
0.775251
0.774963
0.774688
0.773790
0.773715
0.773689
0.773108
0.772660
0.772559
0.772459
0.772351
0.772279
0.772201
0.772006
0.771860
0.771731
0.771707
0.771627
0.770593
0.770250
0.769588
0.769551
0.768789
0.768058
0.767932
0.767029
0.766558
0.766094
0.765660
0.765024
0.764686
0.764576
0.763402
0.763277
0.763190
0.763120
0.763093
0.762976
0.762728
0.762044
0.761096
0.760863
0.760584
0.760541
0.759812
0.759446
0.759258
0.758352
0.758313
0.757783
0.757725
0.757549
0.757206
0.757143
0.756775
0.756428
0.756299
0.754521
0.754077
0.753990
0.753294
0.752709
0.751527
0.751256
0.750885
0.750874
0.750435
0.750392
0.749636
0.749626
0.749391
0.749197
0.748988
0.748279
0.747585
0.746667
0.746449
0.745776
0.744817
0.744499
0.744225
0.743977
0.743448
0.742455
0.742186
0.741247
0.739679
0.738795
0.738198
0.737929
0.737051
0.735417
0.735189
0.734951
0.734910
0.734122
0.733887
0.732984
0.732701
0.732154
0.732006
0.731659
0.730985
0.730373
0.730319
0.730297
0.730229
0.730190
0.729262
0.728886
0.728605
0.727558
0.727557
0.726868
0.726800
0.726332
0.726030
0.725196
0.724773
0.724393
0.724019
0.723516
0.722875
0.721478
0.720656
0.720020
0.719453
0.719440
0.718774
0.718576
0.718506
0.718281
0.717862
0.717815
0.717661
0.716558
0.716445
0.714723
0.714595
0.713871
0.713774
0.713717
0.712903
0.712570
0.711458
0.711339
0.711050
0.710422
0.710289
0.709971
0.709659
0.708427
0.708038
0.707805
0.707526
0.706932
0.705741
0.705556
0.704997
0.704876
0.704745
0.704271
0.703970
0.703075
0.702419
0.702344
0.699762
0.699557
0.699089
0.698487
0.698298
0.698244
0.698077
0.698070
0.697815
0.696614
0.696303
0.696229
0.695837
0.695270
0.694786
0.694362
0.693341
0.692935
0.691838
0.690128
0.689462
0.689290
0.689124
0.687644
0.687459
0.687422
0.685751
0.684814
0.684471
0.683366
0.683327
0.682388
0.682144
0.682031
0.682022
0.680716
0.680162
0.679768
0.679556
0.679028
0.678895
0.678855
0.678319
0.677931
0.676633
0.676107
0.675949
0.674754
0.674499
0.672651
0.672245
0.672213
0.672153
0.672105
0.671974
0.670654
0.670488
0.670322
0.670152
0.669698
0.669343
0.669251
0.669200
0.668888
0.668216
0.668033
0.667838
0.665968
0.665768
0.665485
0.664800
0.664264
0.664001
0.663964
0.662175
0.662069
0.661296
0.661138
0.661102
0.660946
0.660606
0.660323
0.660272
0.660166
0.660092
0.659369
0.659316
0.659069
0.658953
0.658895
0.657574
0.656221
0.655373
0.655340
0.654831
0.654691
0.654367
0.654277
0.654254
0.653989
0.653003
0.652328
0.651818
0.651182
0.650918
0.650912
0.650727
0.650655
0.650132
0.650014
0.649992
0.649168
0.649076
0.648683
0.648425
0.648424
0.646856
0.646654
0.646287
0.646194
0.646104
0.644205
0.643336
0.642957
0.642298
0.642147
0.639924
0.639854
0.639721
0.638547
0.638517
0.638148
0.637783
0.636629
0.636049
0.636026
0.635658
0.635607
0.635081
0.635015
0.633922
0.633351
0.632855
0.632503
0.632313
0.632267
0.632116
0.631723
0.629764
0.629516
0.628932
0.628331
0.628090
0.627812
0.627786
0.626937
0.625536
0.625488
0.624503
0.624406
0.624120
0.623414
0.623301
0.622262
0.621841
0.620889
0.619870
0.619486
0.619063
0.618619
0.618536
0.618256
0.618089
0.617729
0.617233
0.617100
0.617071
0.616770
0.615600
0.615276
0.614601
0.613959
0.613810
0.613603
0.613231
0.612886
0.611498
0.611169
0.609945
0.609339
0.609019
0.608772
0.608297
0.608093
0.607943
0.607690
0.607580
0.606262
0.605934
0.605805
0.604793
0.604399
0.604224
0.603959
0.603887
0.603298
0.603281
0.602496
0.602349
0.601891
0.600260
0.600239
0.600064
0.599848
0.599755
0.599641
0.599570
0.598751
0.598604
0.598602
0.597816
0.597654
0.596735
0.596342
0.595201
0.595077
0.594862
0.594837
0.594443
0.594276
0.593789
0.591690
0.591132
0.590390
0.590197
0.589196
0.588042
0.587605
0.585763
0.585180
0.584009
0.583840
0.583527
0.582996
0.582465
0.582186
0.581998
0.579230
0.579031
0.578308
0.578129
0.577247
0.575069
0.574687
0.574049
0.573355
0.573137
0.573085
0.573028
0.572836
0.572518
0.571758
0.571082
0.569149
0.567776
0.567594
0.567244
0.566200
0.566149
0.565602
0.565385
0.565364
0.565238
0.564532
0.563818
0.563399
0.562979
0.562282
0.561700
0.561265
0.561161
0.560465
0.560318
0.559925
0.559704
0.559331
0.558933
0.558366
0.557946
0.557920
0.555055
0.552694
0.551740
0.551294
0.550683
0.550657
0.550406
0.550252
0.549994
0.549718
0.549333
0.549076
0.548660
0.548159
0.547455
0.546226
0.545752
0.545553
0.545322
0.543768
0.543762
0.543343
0.542367
0.541658
0.541001
0.539428
0.539266
0.539210
0.539204
0.539192
0.539184
0.538641
0.538572
0.537226
0.537220
0.535057
0.534996
0.533897
0.533646
0.533421
0.533173
0.532987
0.532559
0.532447
0.532232
0.532209
0.531217
0.530066
0.529849
0.529424
0.529206
0.529130
0.529078
0.528854
0.527013
0.525235
0.523854
0.523611
0.523365
0.523000
0.522773
0.522653
0.522603
0.522094
0.521118
0.521074
0.520902
0.518750
0.518348
0.518148
0.516832
0.516360
0.516249
0.514685
0.514100
0.513391
0.513340
0.513311
0.512386
0.512086
0.511360
0.511245
0.511201
0.510237
0.509286
0.508601
0.508548
0.506963
0.506896
0.506398
0.506178
0.505943
0.505706
0.505212
0.504175
0.504001
0.503283
0.502773
0.502401
0.502088
0.501550
0.500855
0.500640
0.500506
0.500137
0.499801
0.499073
0.498790
0.498699
0.498172
0.497187
0.495961
0.495928
0.495319
0.495289
0.495050
0.495038
0.494963
0.493648
0.493001
0.492412
0.489374
0.488679
0.488410
0.486374
0.486063
0.486033
0.485885
0.485496
0.485485
0.485453
0.484506
0.484248
0.483967
0.483290
0.483261
0.483216
0.482890
0.482542
0.480754
0.480494
0.479394
0.479290
0.477682
0.476118
0.475810
0.475455
0.474725
0.472281
0.471307
0.470390
0.470189
0.469984
0.469846
0.469691
0.469033
0.468680
0.467912
0.467497
0.467202
0.467173
0.466945
0.466736
0.466735
0.466648
0.466578
0.466559
0.466552
0.465973
0.465793
0.465567
0.465227
0.464599
0.464277
0.463911
0.463121
0.463004
0.462668
0.461170
0.460736
0.460079
0.459887
0.459691
0.459301
0.459113
0.458987
0.458509
0.458434
0.457804
0.457493
0.456916
0.456041
0.455820
0.455683
0.455119
0.455012
0.454130
0.453341
0.452268
0.452065
0.451991
0.451051
0.450753
0.450261
0.450246
0.449199
0.449197
0.449121
0.448654
0.448378
0.447995
0.447489
0.445682
0.445505
0.445199
0.444752
0.443876
0.443308
0.442712
0.442592
0.442270
0.442227
0.442108
0.441484
0.441481
0.441220
0.439796
0.439310
0.438650
0.437848
0.437172
0.436188
0.435521
0.435378
0.435300
0.434872
0.433268
0.432458
0.432000
0.431071
0.430815
0.430165
0.429771
0.429507
0.428698
0.427867
0.427693
0.426653
0.425922
0.425842
0.425100
0.425037
0.424399
0.424078
0.424005
0.423199
0.422091
0.421982
0.421832
0.421315
0.421283
0.421202
0.421159
0.420583
0.420238
0.419547
0.419396
0.418999
0.418836
0.418664
0.418432
0.418426
0.418174
0.417020
0.416956
0.416671
0.416587
0.416302
0.415661
0.414999
0.414965
0.414808
0.414746
0.414557
0.414320
0.414139
0.414026
0.413907
0.413484
0.413166
0.413103
0.412893
0.412837
0.412674
0.412495
0.411708
0.411606
0.410761
0.410296
0.409627
0.409024
0.408026
0.407973
0.407880
0.407513
0.406322
0.406033
0.405995
0.405273
0.404898
0.403826
0.402908
0.402740
0.402437
0.400445
0.400356
0.399615
0.399511
0.399182
0.396508
0.396293
0.395369
0.394199
0.393803
0.393660
0.392581
0.392060
0.392043
0.391377
0.390941
0.389207
0.388891
0.388689
0.387481
0.386967
0.386259
0.386249
0.385088
0.385044
0.384585
0.384216
0.383844
0.383050
0.381791
0.381674
0.381355
0.379826
0.379546
0.378623
0.378310
0.377963
0.377740
0.377522
0.376568
0.375514
0.375477
0.374903
0.374854
0.373937
0.373911
0.372751
0.372441
0.371574
0.371321
0.370756
0.370120
0.369995
0.369630
0.369484
0.366719
0.366424
0.366194
0.366034
0.365720
0.364993
0.364880
0.364477
0.363796
0.363115
0.362792
0.362730
0.362163
0.362069
0.361688
0.361388
0.361320
0.361078
0.361050
0.360769
0.358797
0.358704
0.358578
0.358365
0.358027
0.357982
0.357192
0.356775
0.356531
0.356008
0.355782
0.354668
0.354607
0.354407
0.354002
0.353380
0.352135
0.351934
0.351922
0.350964
0.350509
0.348932
0.348538
0.347526
0.344415
0.342984
0.341494
0.341426
0.341339
0.340107
0.339590
0.338039
0.337171
0.336950
0.336462
0.335076
0.334932
0.334601
0.333759
0.333597
0.333213
0.332950
0.332395
0.332343
0.332337
0.332221
0.332161
0.331866
0.330926
0.330898
0.329919
0.329695
0.329694
0.328287
0.327526
0.327175
0.326746
0.326539
0.326414
0.326347
0.325082
0.322043
0.321877
0.320906
0.320229
0.319953
0.319540
0.319299
0.318786
0.318419
0.318357
0.318082
0.318015
0.316518
0.316003
0.315816
0.315504
0.315312
0.315231
0.315149
0.315116
0.314195
0.313546
0.312791
0.312779
0.312350
0.311394
0.311201
0.311076
0.309941
0.309901
0.309620
0.309543
0.309438
0.309033
0.308939
0.308936
0.307471
0.307376
0.306680
0.306123
0.305748
0.305237
0.304368
0.304220
0.304193
0.304158
0.303179
0.303142
0.302949
0.302280
0.301840
0.301750
0.301518
0.301417
0.301361
0.299445
0.299394
0.299156
0.298756
0.298463
0.298207
0.297642
0.297333
0.297298
0.296348
0.296074
0.296001
0.295522
0.295244
0.294647
0.293886
0.293843
0.293434
0.293101
0.291057
0.290930
0.287218
0.286815
0.286633
0.286240
0.286035
0.285613
0.285252
0.284881
0.284344
0.284158
0.284049
0.283816
0.283020
0.282919
0.282398
0.282144
0.278229
0.278161
0.278033
0.277045
0.276991
0.275911
0.275569
0.275324
0.274232
0.273278
0.272568
0.272014
0.271986
0.271593
0.271129
0.270900
0.270753
0.269998
0.269173
0.268731
0.266573
0.266350
0.265089
0.264940
0.264866
0.264460
0.264152
0.263744
0.262597
0.261561
0.261367
0.260469
0.258524
0.258509
0.258456
0.258263
0.257815
0.257505
0.256540
0.256501
0.256009
0.255549
0.255027
0.254828
0.254523
0.254351
0.254240
0.253930
0.253421
0.252841
0.252516
0.252374
0.252256
0.252109
0.251685
0.251258
0.250208
0.249512
0.248848
0.248330
0.248265
0.247905
0.247632
0.247009
0.246733
0.246570
0.246254
0.246121
0.246099
0.246007
0.245003
0.244773
0.244467
0.243999
0.242749
0.242437
0.241933
0.241306
0.240973
0.239698
0.239428
0.238491
0.237646
0.235161
0.234723
0.234435
0.234268
0.234266
0.234204
0.233438
0.232244
0.231884
0.231569
0.230996
0.230740
0.230354
0.230180
0.230131
0.230075
0.229809
0.229800
0.229529
0.229121
0.229065
0.228999
0.228556
0.228239
0.227842
0.227378
0.226890
0.226416
0.225704
0.225642
0.225579
0.225199
0.223899
0.222975
0.222386
0.222020
0.220106
0.219273
0.218920
0.218701
0.217981
0.216913
0.216123
0.215006
0.214252
0.213963
0.213635
0.213087
0.212543
0.211540
0.211175
0.210440
0.210317
0.208771
0.207600
0.207598
0.207271
0.206796
0.206107
0.205468
0.205234
0.205103
0.205099
0.204063
0.203676
0.202810
0.202481
0.202405
0.201785
0.201586
0.199386
0.199362
0.197730
0.197350
0.196250
0.196111
0.194634
0.193913
0.193560
0.192630
0.191245
0.190942
0.190820
0.190718
0.190189
0.189949
0.189249
0.186091
0.184318
0.183779
0.183376
0.182957
0.182799
0.182645
0.182361
0.182306
0.181927
0.181915
0.181792
0.181539
0.181441
0.181384
0.180711
0.180572
0.179779
0.179054
0.178279
0.177624
0.177567
0.175218
0.174982
0.173980
0.173572
0.172516
0.172261
0.170359
0.169852
0.169790
0.168957
0.168757
0.168282
0.168273
0.168136
0.168003
0.166710
0.166618
0.166331
0.166224
0.165981
0.165778
0.165776
0.165593
0.165562
0.165227
0.165200
0.164777
0.164436
0.164369
0.164291
0.164266
0.163391
0.163173
0.162811
0.162708
0.162334
0.162194
0.162035
0.161463
0.161261
0.160680
0.160162
0.159088
0.158512
0.155033
0.154920
0.153520
0.153339
0.152195
0.150988
0.150394
0.150322
0.149238
0.148671
0.148258
0.147545
0.147369
0.146736
0.145220
0.144500
0.142785
0.142654
0.142609
0.142282
0.142266
0.142215
0.141543
0.141523
0.140984
0.140815
0.140293
0.140077
0.139950
0.139034
0.138671
0.138367
0.137338
0.137140
0.136945
0.136923
0.136439
0.136439
0.136168
0.135132
0.134206
0.133779
0.133355
0.133259
0.132167
0.130977
0.130537
0.129863
0.129281
0.129105
0.128944
0.128649
0.128443
0.128266
0.127673
0.127226
0.127214
0.126749
0.126250
0.124775
0.124625
0.124109
0.123651
0.123168
0.123118
0.122914
0.122363
0.122311
0.122229
0.122199
0.121623
0.121579
0.119822
0.118398
0.118246
0.118145
0.117928
0.117474
0.115640
0.114071
0.113574
0.113411
0.112612
0.112488
0.111572
0.111567
0.111454
0.111253
0.109930
0.109747
0.109698
0.109330
0.109273
0.109105
0.109084
0.108630
0.108435
0.108350
0.107199
0.106108
0.105317
0.104993
0.104930
0.104902
0.104361
0.104258
0.104239
0.103114
0.102698
0.102695
0.102246
0.102117
0.101815
0.101487
0.099580
0.099328
0.099029
0.098952
0.097853
0.097414
0.096708
0.096300
0.096213
0.093881
0.093837
0.093409
0.092860
0.092754
0.092589
0.092375
0.091289
0.089472
0.089071
0.089004
0.088057
0.088051
0.087907
0.086601
0.086425
0.086357
0.085979
0.085351
0.085199
0.084560
0.084300
0.084154
0.084052
0.083947
0.083747
0.083637
0.083197
0.083167
0.083141
0.083123
0.081993
0.080927
0.080344
0.079746
0.079321
0.079298
0.078255
0.077350
0.076882
0.076710
0.076034
0.075874
0.075654
0.075422
0.074338
0.073899
0.073465
0.073316
0.072804
0.072491
0.072453
0.071705
0.071565
0.071439
0.070498
0.070295
0.070022
0.069955
0.069329
0.069269
0.069147
0.069132
0.068965
0.068505
0.066638
0.065932
0.065815
0.065288
0.065176
0.064089
0.062082
0.061339
0.061288
0.060960
0.059735
0.059386
0.058037
0.057087
0.056365
0.055822
0.054957
0.054154
0.054116
0.053971
0.053638
0.053076
0.052586
0.051746
0.051571
0.051245
0.051040
0.051040
0.050434
0.050392
0.050279
0.049815
0.049324
0.049038
0.048938
0.048331
0.047504
0.046445
0.046053
0.045765
0.045482
0.045476
0.045060
0.043643
0.042954
0.042677
0.041954
0.040933
0.039862
0.038893
0.038339
0.038110
0.037473
0.037228
0.036160
0.034599
0.033667
0.033289
0.033015
0.032477
0.032275
0.032008
0.031768
0.031591
0.029532
0.027706
0.025954
0.025825
0.025662
0.024409
0.023699
0.022690
0.022688
0.022484
0.022222
0.022060
0.021763
0.021536
0.021346
0.020996
0.020014
0.019502
0.019305
0.018353
0.018076
0.017945
0.017720
0.017671
0.017569
0.017463
0.017110
0.017087
0.017059
0.016656
0.016455
0.016367
0.015478
0.015195
0.015018
0.013792
0.013388
0.013324
0.012537
0.012308
0.011829
0.010846
0.010567
0.010049
0.009948
0.009502
0.009335
0.008986
0.008656
0.007931
0.006468
0.006302
0.003987
0.002420
0.001936
0.001656
0.001142
-0.000205
-0.000207
-0.000746
-0.002027
-0.002033
-0.002186
-0.002262
-0.003195
-0.003889
-0.004270
-0.004274
-0.004324
-0.004410
-0.004865
-0.007995
-0.008198
-0.008560
-0.009922
-0.010356
-0.010526
-0.010702
-0.010917
-0.011323
-0.011580
-0.011621
-0.012039
-0.012323
-0.012480
-0.012617
-0.013010
-0.013037
-0.013326
-0.015142
-0.016798
-0.017157
-0.017975
-0.018920
-0.019103
-0.019348
-0.020132
-0.020578
-0.020813
-0.020981
-0.021039
-0.021876
-0.022258
-0.022435
-0.024360
-0.024664
-0.024837
-0.024945
-0.025222
-0.025357
-0.025854
-0.026428
-0.027967
-0.028437
-0.028790
-0.028852
-0.028872
-0.029189
-0.029197
-0.029361
-0.029747
-0.029922
-0.030434
-0.031552
-0.032298
-0.032762
-0.032854
-0.033014
-0.033220
-0.034687
-0.035772
-0.036279
-0.036671
-0.036933
-0.037264
-0.037485
-0.037834
-0.038684
-0.038884
-0.039289
-0.040615
-0.040860
-0.041041
-0.041463
-0.042247
-0.042940
-0.043138
-0.044489
-0.045247
-0.045646
-0.045658
-0.046049
-0.046078
-0.047371
-0.047881
-0.048180
-0.050104
-0.050127
-0.050466
-0.050819
-0.050995
-0.051147
-0.051282
-0.051590
-0.052772
-0.053370
-0.053534
-0.053781
-0.053862
-0.054030
-0.054082
-0.054574
-0.056488
-0.056523
-0.056709
-0.057431
-0.059963
-0.060007
-0.060559
-0.060781
-0.062318
-0.062711
-0.062905
-0.063286
-0.063518
-0.065219
-0.065645
-0.066153
-0.067728
-0.068188
-0.070062
-0.070763
-0.071535
-0.071995
-0.073131
-0.073431
-0.073531
-0.074082
-0.074423
-0.074520
-0.074824
-0.076099
-0.076631
-0.076889
-0.077205
-0.077776
-0.077976
-0.078654
-0.078657
-0.080051
-0.080760
-0.081026
-0.082697
-0.084415
-0.084445
-0.084801
-0.085418
-0.085645
-0.086581
-0.086878
-0.086920
-0.087546
-0.087560
-0.087676
-0.088410
-0.089156
-0.091341
-0.091512
-0.092460
-0.092986
-0.093725
-0.093993
-0.094616
-0.094622
-0.094649
-0.094948
-0.095026
-0.095655
-0.095671
-0.095744
-0.096154
-0.096537
-0.096885
-0.098043
-0.098269
-0.098966
-0.099013
-0.099223
-0.099724
-0.100270
-0.100436
-0.101009
-0.101051
-0.101498
-0.101727
-0.101762
-0.102017
-0.104292
-0.104513
-0.104555
-0.104717
-0.105705
-0.107168
-0.107727
-0.108006
-0.108171
-0.109628
-0.110421
-0.110596
-0.110643
-0.111410
-0.112886
-0.112944
-0.113667
-0.114468
-0.114573
-0.114689
-0.114771
-0.115042
-0.115630
-0.115996
-0.115999
-0.117645
-0.118022
-0.118423
-0.118535
-0.118991
-0.119036
-0.119793
-0.119821
-0.120926
-0.121632
-0.121868
-0.122035
-0.122130
-0.122388
-0.122464
-0.122496
-0.123372
-0.124697
-0.124753
-0.125628
-0.125819
-0.125868
-0.126050
-0.126545
-0.126653
-0.128438
-0.128782
-0.128923
-0.129026
-0.129033
-0.129168
-0.129420
-0.129564
-0.129706
-0.129917
-0.130743
-0.132055
-0.132086
-0.132442
-0.133837
-0.134599
-0.134733
-0.134793
-0.134957
-0.134982
-0.135014
-0.135144
-0.135449
-0.137040
-0.137236
-0.138930
-0.140075
-0.140303
-0.140487
-0.140979
-0.141079
-0.142105
-0.142959
-0.143595
-0.143657
-0.143881
-0.144145
-0.144782
-0.145717
-0.145802
-0.146747
-0.146908
-0.147184
-0.147820
-0.148139
-0.148295
-0.148588
-0.149266
-0.149457
-0.149713
-0.149773
-0.150568
-0.150727
-0.151355
-0.152361
-0.152577
-0.152943
-0.153195
-0.153991
-0.155259
-0.155342
-0.155953
-0.156092
-0.156472
-0.156587
-0.158194
-0.159051
-0.159153
-0.159399
-0.160022
-0.160350
-0.160591
-0.160734
-0.160973
-0.161551
-0.161976
-0.162130
-0.162260
-0.162561
-0.162574
-0.162864
-0.163719
-0.165254
-0.165654
-0.165818
-0.166369
-0.166604
-0.166733
-0.167054
-0.167361
-0.167372
-0.167462
-0.168082
-0.169214
-0.169767
-0.170404
-0.171000
-0.172027
-0.172077
-0.172110
-0.172694
-0.173729
-0.173914
-0.174572
-0.175035
-0.175961
-0.176120
-0.176202
-0.177061
-0.177861
-0.178428
-0.178569
-0.178569
-0.178684
-0.178991
-0.179632
-0.180257
-0.180869
-0.182584
-0.183792
-0.184467
-0.184684
-0.186148
-0.186565
-0.186775
-0.186874
-0.187063
-0.187092
-0.187764
-0.187862
-0.189683
-0.189860
-0.190147
-0.190639
-0.191125
-0.192723
-0.192960
-0.193054
-0.196897
-0.197010
-0.197101
-0.197192
-0.197280
-0.197975
-0.198104
-0.198161
-0.198256
-0.198826
-0.198856
-0.198878
-0.199386
-0.199819
-0.200650
-0.201258
-0.201390
-0.202068
-0.202746
-0.204137
-0.204239
-0.204253
-0.204466
-0.204511
-0.204826
-0.204862
-0.205034
-0.205055
-0.205797
-0.205798
-0.206102
-0.206178
-0.206974
-0.207334
-0.208244
-0.208256
-0.208898
-0.208962
-0.209287
-0.209587
-0.209627
-0.210724
-0.211036
-0.211168
-0.211439
-0.211997
-0.212808
-0.213103
-0.213124
-0.213450
-0.213677
-0.213860
-0.214193
-0.214555
-0.215370
-0.215448
-0.215905
-0.216487
-0.217066
-0.217613
-0.218594
-0.218625
-0.219538
-0.219553
-0.220094
-0.220259
-0.220368
-0.220598
-0.220919
-0.221599
-0.221731
-0.221767
-0.221825
-0.222317
-0.222419
-0.223067
-0.223582
-0.223672
-0.223957
-0.224428
-0.224465
-0.224774
-0.224780
-0.224788
-0.224901
-0.224918
-0.225048
-0.226093
-0.226097
-0.226422
-0.227745
-0.228752
-0.229396
-0.229571
-0.230024
-0.231341
-0.232743
-0.233183
-0.234269
-0.235527
-0.235941
-0.236262
-0.237497
-0.237538
-0.237758
-0.238446
-0.239110
-0.239144
-0.239517
-0.240244
-0.240294
-0.240586
-0.240593
-0.240973
-0.241468
-0.243934
-0.244623
-0.244806
-0.244810
-0.244892
-0.244954
-0.244963
-0.245564
-0.247536
-0.247967
-0.248159
-0.248217
-0.248394
-0.248429
-0.248788
-0.248850
-0.249151
-0.249397
-0.250095
-0.251118
-0.251328
-0.251484
-0.251731
-0.251768
-0.251829
-0.252039
-0.252888
-0.252954
-0.253923
-0.253947
-0.254820
-0.254971
-0.255313
-0.255511
-0.256202
-0.256308
-0.256981
-0.257084
-0.257863
-0.258129
-0.258284
-0.258353
-0.258934
-0.260113
-0.260787
-0.260994
-0.261120
-0.261133
-0.262841
-0.263102
-0.263393
-0.263483
-0.264738
-0.265201
-0.265618
-0.266640
-0.267979
-0.269089
-0.269559
-0.270019
-0.270168
-0.271239
-0.271246
-0.271893
-0.272455
-0.272723
-0.273261
-0.273703
-0.274152
-0.275186
-0.275395
-0.275492
-0.275719
-0.275979
-0.276037
-0.276151
-0.276176
-0.276479
-0.278106
-0.278737
-0.279535
-0.279946
-0.280204
-0.280347
-0.282176
-0.282234
-0.282841
-0.282881
-0.282893
-0.284688
-0.284821
-0.284829
-0.284914
-0.285241
-0.285344
-0.286437
-0.287047
-0.289529
-0.291144
-0.291960
-0.292342
-0.292532
-0.292575
-0.293432
-0.293729
-0.294452
-0.294537
-0.294667
-0.295002
-0.295036
-0.295479
-0.296625
-0.297575
-0.297842
-0.298000
-0.300278
-0.300463
-0.300872
-0.301485
-0.301633
-0.301739
-0.301780
-0.302226
-0.302356
-0.304155
-0.304332
-0.304513
-0.305042
-0.305558
-0.306696
-0.307769
-0.308319
-0.309450
-0.311116
-0.311311
-0.311453
-0.311718
-0.312168
-0.312482
-0.312844
-0.313804
-0.313852
-0.314514
-0.314789
-0.315058
-0.315755
-0.316325
-0.317806
-0.318257
-0.318979
-0.319484
-0.319675
-0.320433
-0.321653
-0.322007
-0.322215
-0.322273
-0.322632
-0.324643
-0.325876
-0.326073
-0.326965
-0.326988
-0.327760
-0.328158
-0.330105
-0.330334
-0.330681
-0.331416
-0.333068
-0.333472
-0.334182
-0.335396
-0.336008
-0.336125
-0.336907
-0.336989
-0.337254
-0.337636
-0.337708
-0.337860
-0.337917
-0.338111
-0.338332
-0.338718
-0.338775
-0.340160
-0.340171
-0.340336
-0.340558
-0.341805
-0.345702
-0.345935
-0.346010
-0.347413
-0.348113
-0.348285
-0.348395
-0.348495
-0.348908
-0.349269
-0.350011
-0.350252
-0.350312
-0.350519
-0.350690
-0.350971
-0.351074
-0.351175
-0.351229
-0.352110
-0.352469
-0.352562
-0.353593
-0.353697
-0.354178
-0.355128
-0.355180
-0.355297
-0.355393
-0.355596
-0.355799
-0.356182
-0.357954
-0.357981
-0.358226
-0.358665
-0.359061
-0.359619
-0.359663
-0.360248
-0.360904
-0.361884
-0.362606
-0.363449
-0.363478
-0.363956
-0.364053
-0.364640
-0.364902
-0.365496
-0.366348
-0.366410
-0.366548
-0.366988
-0.368328
-0.368487
-0.368712
-0.368846
-0.370236
-0.370501
-0.370753
-0.370766
-0.371713
-0.371818
-0.371983
-0.372120
-0.373030
-0.375479
-0.375499
-0.375813
-0.376972
-0.377358
-0.378101
-0.378244
-0.378663
-0.380111
-0.380210
-0.380291
-0.380423
-0.380897
-0.381595
-0.381779
-0.382409
-0.382617
-0.383716
-0.384400
-0.384428
-0.385199
-0.385906
-0.386855
-0.387001
-0.387456
-0.388850
-0.388990
-0.389067
-0.390146
-0.390412
-0.390773
-0.390955
-0.392690
-0.393049
-0.393408
-0.395110
-0.398285
-0.398515
-0.398603
-0.398739
-0.398925
-0.399237
-0.399833
-0.400465
-0.400848
-0.400990
-0.401151
-0.401561
-0.401561
-0.401710
-0.403238
-0.403503
-0.403637
-0.403987
-0.404738
-0.404967
-0.406235
-0.406310
-0.406924
-0.407308
-0.407652
-0.408197
-0.408359
-0.409257
-0.410168
-0.410227
-0.410474
-0.410879
-0.411113
-0.411442
-0.412559
-0.413345
-0.413592
-0.413687
-0.413704
-0.414183
-0.417436
-0.417708
-0.417830
-0.418971
-0.419057
-0.419138
-0.419782
-0.419975
-0.420316
-0.420572
-0.421045
-0.421636
-0.422443
-0.423751
-0.424840
-0.425174
-0.425368
-0.425916
-0.427548
-0.427569
-0.427659
-0.427858
-0.429009
-0.429843
-0.429952
-0.430034
-0.430056
-0.430318
-0.430673
-0.430919
-0.430948
-0.431021
-0.431310
-0.432141
-0.432522
-0.432720
-0.433327
-0.433626
-0.434483
-0.434628
-0.434665
-0.434761
-0.434763
-0.435419
-0.435886
-0.436132
-0.436414
-0.436677
-0.437115
-0.437530
-0.438135
-0.438573
-0.440359
-0.440550
-0.441288
-0.441720
-0.442401
-0.442956
-0.443238
-0.443574
-0.444363
-0.444419
-0.444999
-0.445039
-0.445166
-0.445172
-0.445389
-0.445782
-0.445939
-0.447018
-0.449662
-0.449965
-0.450208
-0.450502
-0.450871
-0.451057
-0.451195
-0.451691
-0.452425
-0.452464
-0.452465
-0.452716
-0.452879
-0.453067
-0.453145
-0.454690
-0.454806
-0.456553
-0.456789
-0.457840
-0.458127
-0.458300
-0.459019
-0.459037
-0.459125
-0.459426
-0.459812
-0.460654
-0.461513
-0.461558
-0.461612
-0.461753
-0.462518
-0.462649
-0.462884
-0.463139
-0.463417
-0.463579
-0.464523
-0.464685
-0.465060
-0.466039
-0.466280
-0.466607
-0.466702
-0.466730
-0.466750
-0.467269
-0.467445
-0.467446
-0.467589
-0.468712
-0.468812
-0.469520
-0.469582
-0.470286
-0.471554
-0.472184
-0.472431
-0.473191
-0.473318
-0.474367
-0.474527
-0.475233
-0.475901
-0.477807
-0.478009
-0.478016
-0.478214
-0.479205
-0.479263
-0.479916
-0.480945
-0.481539
-0.481822
-0.483036
-0.483197
-0.483245
-0.483511
-0.483937
-0.484134
-0.484371
-0.484549
-0.485674
-0.486616
-0.486843
-0.487652
-0.487926
-0.488127
-0.488380
-0.488563
-0.488990
-0.489350
-0.489514
-0.489566
-0.489579
-0.490388
-0.490694
-0.491512
-0.491638
-0.491738
-0.492298
-0.493336
-0.493678
-0.493749
-0.494963
-0.495442
-0.496822
-0.496859
-0.497894
-0.499769
-0.499957
-0.500401
-0.500673
-0.500954
-0.501299
-0.501318
-0.503000
-0.503267
-0.506065
-0.506244
-0.506542
-0.506794
-0.507171
-0.507269
-0.507889
-0.508328
-0.508368
-0.509482
-0.509746
-0.511201
-0.512025
-0.512704
-0.513112
-0.514329
-0.515787
-0.515950
-0.516207
-0.516468
-0.517275
-0.517767
-0.518327
-0.518777
-0.518896
-0.519212
-0.519899
-0.521565
-0.522270
-0.522626
-0.522685
-0.522812
-0.523793
-0.524014
-0.524624
-0.524833
-0.525165
-0.525283
-0.525362
-0.528338
-0.528862
-0.529426
-0.529616
-0.530069
-0.530796
-0.531301
-0.531566
-0.532163
-0.532905
-0.534254
-0.534585
-0.535157
-0.535404
-0.541122
-0.542152
-0.543000
-0.543035
-0.544499
-0.545059
-0.546037
-0.546192
-0.546699
-0.547107
-0.547867
-0.547885
-0.548357
-0.548446
-0.548494
-0.548640
-0.548904
-0.549246
-0.549567
-0.550691
-0.551579
-0.551685
-0.551890
-0.551937
-0.552036
-0.552038
-0.552271
-0.552382
-0.553106
-0.555082
-0.555422
-0.556586
-0.556858
-0.558389
-0.558638
-0.558999
-0.559551
-0.560122
-0.560345
-0.560354
-0.560497
-0.560870
-0.561514
-0.561850
-0.562064
-0.563557
-0.563747
-0.563898
-0.564812
-0.564857
-0.565146
-0.565234
-0.567267
-0.567349
-0.568779
-0.568783
-0.569454
-0.569775
-0.570188
-0.570308
-0.570358
-0.571065
-0.571110
-0.571114
-0.571318
-0.571855
-0.572381
-0.572417
-0.572473
-0.573040
-0.573483
-0.574196
-0.574240
-0.574733
-0.575953
-0.576206
-0.576350
-0.576864
-0.577060
-0.577071
-0.577383
-0.577429
-0.577682
-0.578241
-0.578541
-0.579235
-0.579962
-0.580289
-0.580499
-0.580759
-0.580919
-0.581902
-0.582359
-0.583123
-0.583554
-0.583702
-0.584370
-0.585520
-0.586227
-0.587106
-0.587675
-0.587739
-0.589592
-0.590117
-0.590195
-0.590380
-0.590519
-0.591405
-0.592010
-0.593509
-0.594133
-0.594733
-0.594767
-0.595746
-0.596141
-0.596295
-0.596413
-0.596510
-0.596631
-0.597069
-0.598039
-0.599010
-0.599588
-0.599954
-0.600038
-0.600295
-0.600384
-0.600808
-0.601047
-0.601189
-0.601715
-0.601928
-0.602365
-0.602470
-0.602611
-0.603036
-0.603157
-0.603518
-0.603597
-0.604369
-0.605573
-0.605846
-0.606500
-0.607586
-0.610026
-0.610142
-0.610686
-0.610698
-0.611099
-0.612016
-0.613383
-0.613635
-0.613816
-0.614009
-0.614393
-0.614422
-0.615080
-0.615987
-0.616559
-0.616720
-0.616862
-0.617025
-0.617039
-0.617085
-0.617811
-0.618483
-0.619565
-0.620607
-0.621003
-0.622592
-0.623008
-0.623486
-0.623497
-0.623850
-0.624547
-0.624852
-0.625378
-0.625625
-0.625861
-0.626319
-0.626324
-0.626883
-0.627061
-0.627831
-0.627901
-0.628798
-0.628872
-0.629007
-0.629876
-0.629980
-0.630094
-0.630339
-0.630622
-0.631113
-0.631292
-0.631588
-0.632179
-0.632487
-0.632677
-0.633211
-0.634098
-0.635732
-0.636204
-0.636254
-0.636287
-0.636715
-0.637515
-0.637643
-0.638263
-0.638282
-0.639202
-0.639398
-0.640620
-0.640734
-0.640891
-0.640953
-0.641038
-0.641044
-0.641541
-0.641835
-0.642908
-0.643139
-0.643409
-0.643669
-0.644318
-0.645120
-0.645242
-0.645681
-0.646515
-0.646562
-0.647052
-0.647223
-0.647860
-0.648003
-0.649476
-0.649766
-0.649944
-0.650230
-0.650295
-0.650927
-0.651406
-0.651449
-0.652573
-0.652646
-0.653470
-0.653657
-0.654191
-0.655048
-0.655058
-0.656070
-0.656424
-0.656547
-0.656737
-0.657271
-0.658140
-0.658490
-0.658758
-0.659027
-0.659154
-0.659757
-0.660045
-0.660048
-0.660179
-0.661773
-0.662161
-0.662451
-0.663653
-0.663667
-0.663993
-0.664555
-0.664619
-0.665569
-0.666058
-0.666511
-0.666720
-0.667255
-0.667315
-0.667768
-0.667772
-0.667990
-0.668105
-0.668281
-0.669225
-0.669365
-0.669388
-0.669742
-0.669868
-0.669906
-0.670378
-0.670543
-0.670875
-0.672353
-0.672711
-0.673463
-0.673937
-0.673956
-0.676170
-0.676941
-0.677215
-0.677219
-0.677343
-0.677495
-0.678026
-0.678184
-0.678263
-0.679079
-0.679433
-0.680148
-0.680418
-0.681480
-0.681503
-0.681505
-0.682252
-0.682389
-0.682454
-0.682601
-0.682771
-0.683464
-0.683690
-0.683839
-0.684243
-0.684446
-0.685523
-0.685670
-0.686104
-0.686460
-0.686657
-0.687893
-0.689523
-0.689926
-0.691323
-0.691468
-0.692478
-0.692628
-0.692852
-0.693050
-0.693506
-0.693906
-0.694170
-0.694225
-0.694437
-0.694504
-0.695505
-0.695522
-0.695668
-0.695883
-0.695960
-0.696499
-0.697127
-0.697264
-0.697481
-0.697771
-0.697816
-0.698133
-0.698170
-0.698539
-0.698996
-0.699046
-0.700547
-0.700548
-0.700848
-0.701504
-0.701937
-0.702465
-0.702544
-0.702866
-0.703249
-0.703252
-0.704020
-0.704541
-0.704861
-0.704988
-0.705097
-0.705463
-0.705791
-0.707000
-0.707283
-0.707294
-0.707418
-0.707574
-0.708234
-0.708717
-0.708941
-0.708964
-0.710347
-0.710657
-0.711211
-0.711341
-0.712361
-0.712516
-0.712969
-0.713414
-0.713549
-0.713863
-0.714467
-0.714644
-0.714968
-0.716729
-0.716841
-0.717479
-0.718423
-0.719203
-0.719494
-0.719924
-0.720593
-0.721363
-0.722286
-0.722557
-0.723070
-0.723132
-0.725457
-0.726279
-0.726318
-0.727457
-0.727835
-0.728323
-0.729439
-0.730443
-0.731683
-0.731861
-0.731924
-0.733207
-0.733638
-0.733678
-0.734934
-0.735536
-0.736039
-0.736869
-0.737234
-0.738539
-0.739494
-0.739939
-0.740724
-0.741186
-0.741562
-0.743171
-0.745050
-0.745398
-0.746703
-0.747484
-0.748313
-0.748881
-0.749982
-0.750115
-0.750124
-0.752949
-0.753076
-0.754172
-0.755011
-0.755387
-0.755389
-0.755880
-0.756380
-0.756786
-0.756884
-0.758227
-0.758553
-0.758599
-0.758661
-0.758679
-0.758760
-0.759454
-0.759929
-0.760210
-0.760248
-0.760412
-0.760787
-0.760846
-0.761530
-0.761640
-0.761960
-0.762827
-0.763543
-0.763891
-0.764754
-0.765195
-0.765660
-0.766198
-0.767177
-0.767972
-0.770346
-0.770806
-0.771104
-0.771444
-0.772431
-0.772473
-0.772780
-0.773793
-0.774024
-0.774519
-0.775049
-0.775163
-0.775457
-0.775743
-0.775885
-0.777180
-0.777208
-0.777710
-0.777739
-0.777970
-0.777986
-0.778163
-0.778755
-0.779526
-0.779826
-0.780150
-0.780688
-0.781171
-0.782012
-0.782018
-0.782028
-0.782502
-0.782692
-0.782945
-0.783913
-0.784018
-0.784741
-0.785818
-0.786135
-0.786871
-0.787117
-0.787155
-0.787167
-0.787654
-0.788039
-0.788195
-0.788213
-0.788321
-0.789058
-0.789298
-0.790429
-0.791018
-0.793165
-0.793189
-0.793500
-0.793910
-0.794113
-0.794500
-0.796157
-0.796381
-0.796617
-0.796650
-0.796844
-0.798525
-0.799408
-0.799804
-0.800197
-0.800414
-0.800747
-0.800920
-0.801401
-0.801665
-0.802732
-0.803373
-0.803671
-0.803822
-0.804304
-0.805149
-0.805240
-0.805245
-0.805651
-0.806453
-0.806855
-0.807502
-0.807957
-0.808124
-0.808371
-0.810072
-0.810180
-0.810583
-0.810587
-0.810933
-0.811063
-0.811745
-0.812038
-0.812431
-0.812671
-0.813303
-0.814149
-0.815056
-0.816391
-0.816717
-0.817237
-0.818886
-0.819598
-0.819984
-0.820473
-0.820475
-0.820500
-0.820556
-0.820658
-0.820709
-0.820823
-0.820923
-0.821984
-0.822608
-0.823029
-0.823107
-0.824340
-0.824805
-0.826178
-0.826190
-0.826818
-0.827269
-0.827520
-0.828354
-0.828812
-0.828913
-0.829463
-0.829675
-0.829777
-0.829999
-0.830634
-0.830647
-0.832174
-0.832229
-0.833065
-0.834008
-0.834379
-0.834668
-0.834765
-0.835748
-0.835897
-0.836484
-0.837052
-0.837695
-0.837858
-0.838058
-0.838336
-0.838491
-0.839574
-0.839584
-0.840627
-0.841051
-0.843532
-0.844010
-0.844224
-0.846001
-0.846266
-0.846884
-0.847075
-0.849139
-0.849149
-0.849646
-0.850256
-0.850570
-0.850888
-0.850951
-0.850962
-0.852767
-0.852968
-0.854308
-0.854500
-0.855309
-0.855704
-0.855976
-0.856589
-0.857099
-0.857332
-0.857666
-0.858061
-0.858410
-0.858503
-0.858700
-0.858975
-0.859638
-0.860092
-0.860097
-0.860307
-0.860451
-0.861202
-0.861337
-0.861829
-0.862067
-0.862952
-0.863358
-0.863817
-0.864298
-0.864661
-0.864732
-0.864764
-0.864980
-0.865158
-0.865287
-0.865909
-0.866707
-0.866730
-0.867516
-0.867647
-0.867847
-0.868752
-0.868756
-0.869265
-0.870372
-0.870658
-0.870661
-0.870707
-0.872085
-0.872353
-0.872667
-0.872789
-0.872986
-0.873243
-0.873430
-0.873674
-0.873935
-0.875713
-0.875804
-0.875853
-0.876087
-0.876318
-0.877597
-0.878547
-0.878603
-0.878633
-0.878718
-0.880283
-0.880760
-0.881131
-0.881518
-0.881946
-0.883264
-0.883270
-0.883688
-0.884088
-0.884671
-0.885031
-0.885225
-0.885234
-0.885443
-0.885475
-0.885675
-0.885732
-0.886234
-0.886558
-0.888052
-0.888174
-0.888951
-0.889591
-0.890177
-0.890272
-0.890321
-0.890897
-0.892416
-0.893069
-0.893073
-0.893736
-0.895428
-0.896108
-0.896385
-0.896403
-0.897302
-0.898073
-0.899339
-0.899790
-0.899928
-0.899961
-0.900029
-0.900737
-0.901278
-0.901286
-0.902357
-0.902794
-0.903413
-0.904575
-0.906747
-0.907981
-0.908230
-0.908957
-0.909007
-0.910615
-0.910645
-0.911185
-0.911910
-0.913002
-0.913585
-0.914229
-0.914428
-0.914436
-0.914628
-0.916007
-0.916395
-0.916703
-0.916751
-0.917488
-0.918655
-0.919028
-0.919212
-0.919236
-0.919287
-0.920418
-0.921121
-0.921583
-0.921744
-0.922870
-0.922888
-0.923000
-0.924154
-0.925306
-0.925565
-0.926502
-0.927127
-0.927156
-0.927220
-0.927347
-0.927725
-0.928282
-0.928781
-0.929218
-0.930529
-0.930673
-0.931053
-0.931899
-0.935649
-0.937308
-0.937735
-0.938225
-0.938394
-0.938890
-0.939336
-0.939431
-0.939444
-0.940361
-0.941026
-0.941363
-0.942290
-0.942423
-0.942697
-0.943177
-0.943251
-0.944106
-0.944154
-0.944353
-0.944536
-0.944592
-0.944654
-0.944847
-0.945067
-0.946347
-0.947662
-0.947890
-0.948167
-0.948255
-0.948302
-0.948557
-0.949199
-0.949245
-0.949453
-0.949944
-0.950251
-0.950905
-0.951578
-0.952666
-0.952872
-0.952875
-0.953713
-0.953835
-0.953960
-0.954139
-0.954501
-0.955194
-0.956384
-0.957043
-0.958765
-0.958865
-0.959549
-0.961220
-0.961504
-0.961578
-0.962463
-0.962544
-0.963510
-0.963805
-0.964276
-0.964658
-0.965155
-0.966260
-0.966470
-0.966552
-0.967290
-0.968085
-0.968388
-0.969031
-0.969739
-0.969960
-0.970516
-0.970702
-0.971926
-0.973147
-0.973192
-0.973386
-0.973993
-0.975162
-0.976240
-0.976369
-0.976958
-0.977343
-0.978489
-0.978494
-0.978970
-0.979060
-0.979679
-0.980487
-0.980686
-0.981005
-0.981128
-0.981557
-0.982108
-0.982721
-0.983711
-0.984431
-0.984886
-0.985176
-0.985702
-0.986228
-0.986837
-0.986843
-0.987795
-0.988158
-0.990651
-0.991308
-0.992019
-0.992222
-0.992832
-0.993830
-0.995682
-0.996512
-0.997510
-0.997569
-0.998655
-0.998725
-0.999003
-0.999177
-0.999404
-0.999896
-1.000027
-1.000784
-1.001201
-1.001257
-1.001880
-1.002515
-1.002749
-1.003058
-1.003417
-1.003784
-1.003862
-1.004129
-1.004561
-1.006049
-1.006928
-1.006967
-1.007500
-1.008118
-1.008690
-1.010626
-1.011513
-1.011584
-1.011895
-1.013829
-1.015909
-1.017084
-1.017189
-1.017394
-1.018739
-1.019008
-1.019599
-1.020543
-1.020967
-1.021598
-1.023146
-1.023439
-1.023579
-1.024129
-1.024231
-1.024781
-1.024926
-1.026741
-1.026974
-1.027689
-1.028045
-1.028274
-1.029304
-1.030280
-1.030436
-1.030452
-1.031731
-1.032055
-1.033113
-1.033175
-1.033182
-1.033888
-1.033902
-1.034066
-1.034683
-1.034820
-1.034930
-1.035212
-1.035543
-1.035573
-1.035637
-1.035833
-1.035943
-1.036119
-1.037277
-1.037802
-1.038226
-1.038277
-1.038485
-1.039450
-1.040049
-1.040616
-1.040632
-1.041249
-1.041343
-1.041763
-1.041803
-1.042332
-1.042375
-1.042681
-1.042811
-1.042934
-1.043801
-1.043902
-1.044127
-1.044534
-1.044849
-1.045135
-1.045252
-1.046421
-1.046836
-1.048133
-1.048175
-1.048703
-1.049505
-1.049869
-1.051706
-1.051973
-1.054302
-1.055885
-1.055916
-1.056821
-1.057051
-1.057543
-1.057562
-1.057765
-1.058181
-1.059071
-1.059700
-1.060542
-1.060724
-1.061188
-1.061381
-1.062149
-1.062268
-1.063104
-1.063176
-1.063455
-1.063795
-1.063807
-1.066280
-1.066902
-1.066903
-1.067899
-1.068275
-1.068330
-1.068473
-1.069072
-1.070075
-1.070801
-1.071178
-1.071369
-1.071645
-1.072418
-1.072660
-1.072777
-1.074389
-1.076611
-1.076859
-1.076917
-1.077302
-1.077553
-1.077750
-1.077984
-1.078213
-1.078223
-1.078745
-1.079240
-1.079676
-1.080203
-1.080507
-1.081063
-1.081286
-1.081741
-1.081763
-1.083308
-1.083587
-1.084802
-1.085839
-1.086006
-1.086024
-1.086053
-1.086176
-1.087737
-1.088388
-1.088989
-1.089061
-1.089139
-1.089152
-1.091263
-1.091587
-1.091821
-1.092715
-1.092840
-1.093531
-1.093576
-1.094325
-1.094855
-1.095420
-1.095740
-1.095904
-1.096600
-1.098316
-1.098349
-1.098846
-1.099804
-1.100216
-1.100428
-1.100858
-1.100929
-1.101712
-1.102249
-1.102388
-1.102683
-1.103089
-1.103124
-1.103346
-1.103566
-1.103843
-1.104544
-1.104555
-1.105702
-1.106142
-1.106410
-1.106671
-1.107977
-1.108215
-1.109370
-1.109822
-1.109978
-1.110323
-1.111153
-1.111399
-1.112350
-1.112404
-1.114038
-1.114386
-1.114810
-1.114943
-1.115046
-1.115573
-1.116553
-1.116921
-1.117673
-1.117706
-1.118195
-1.118727
-1.118746
-1.119328
-1.119489
-1.119511
-1.119854
-1.120342
-1.120344
-1.120635
-1.120943
-1.120990
-1.121799
-1.121943
-1.122212
-1.122327
-1.124485
-1.126278
-1.126344
-1.126604
-1.126750
-1.126752
-1.126971
-1.127089
-1.127184
-1.127519
-1.127875
-1.128518
-1.128707
-1.128874
-1.129047
-1.129523
-1.130173
-1.130333
-1.130687
-1.130736
-1.130805
-1.131249
-1.131299
-1.132336
-1.132642
-1.133377
-1.133528
-1.133973
-1.134030
-1.134044
-1.134164
-1.134460
-1.134616
-1.134738
-1.135036
-1.135055
-1.135158
-1.135198
-1.135264
-1.135306
-1.135366
-1.136897
-1.138166
-1.138637
-1.141539
-1.141695
-1.142355
-1.142679
-1.143121
-1.143861
-1.143929
-1.143994
-1.144098
-1.144140
-1.144251
-1.144357
-1.144694
-1.144880
-1.144945
-1.145024
-1.145156
-1.145175
-1.146299
-1.146539
-1.146601
-1.146834
-1.146871
-1.146970
-1.147508
-1.148078
-1.149297
-1.149769
-1.149869
-1.150802
-1.151095
-1.151374
-1.152745
-1.153247
-1.153463
-1.153710
-1.154057
-1.154134
-1.154945
-1.156241
-1.156544
-1.157384
-1.159055
-1.160593
-1.161120
-1.161645
-1.161663
-1.162352
-1.163070
-1.163578
-1.164948
-1.165005
-1.165128
-1.165268
-1.165431
-1.165592
-1.166708
-1.166978
-1.167215
-1.167467
-1.167957
-1.168259
-1.168511
-1.168512
-1.168726
-1.168845
-1.169339
-1.169743
-1.169873
-1.170213
-1.170246
-1.170876
-1.171080
-1.171134
-1.171912
-1.172026
-1.172502
-1.173013
-1.173215
-1.173537
-1.173586
-1.173652
-1.173783
-1.174097
-1.174207
-1.174853
-1.175319
-1.176307
-1.176817
-1.178155
-1.178490
-1.179017
-1.179502
-1.179738
-1.180644
-1.180919
-1.181112
-1.181315
-1.182451
-1.182760
-1.183069
-1.183324
-1.183462
-1.185187
-1.185348
-1.185591
-1.185971
-1.186955
-1.187408
-1.188349
-1.188541
-1.188833
-1.189626
-1.189878
-1.190714
-1.191133
-1.191609
-1.191625
-1.192307
-1.192546
-1.192670
-1.193366
-1.193438
-1.194628
-1.194693
-1.194809
-1.195705
-1.196549
-1.197169
-1.198187
-1.199390
-1.199750
-1.200048
-1.200060
-1.200123
-1.200843
-1.201638
-1.202817
-1.203323
-1.203450
-1.204184
-1.204315
-1.204625
-1.205020
-1.205042
-1.205323
-1.205622
-1.205724
-1.206900
-1.207441
-1.208201
-1.209045
-1.209117
-1.209234
-1.209569
-1.209753
-1.210561
-1.210894
-1.210904
-1.211411
-1.211640
-1.212610
-1.212758
-1.212896
-1.213703
-1.213947
-1.213996
-1.214912
-1.215627
-1.215665
-1.217161
-1.217676
-1.218884
-1.219047
-1.220122
-1.220668
-1.221112
-1.221289
-1.221782
-1.222207
-1.223214
-1.223301
-1.224593
-1.225560
-1.226481
-1.227650
-1.228614
-1.228779
-1.229618
-1.230333
-1.231233
-1.232173
-1.233236
-1.233415
-1.234196
-1.234500
-1.234619
-1.236258
-1.237210
-1.239136
-1.239512
-1.239773
-1.240852
-1.240995
-1.241782
-1.242017
-1.242334
-1.242711
-1.243131
-1.243341
-1.244767
-1.245415
-1.245723
-1.246229
-1.246828
-1.247810
-1.248129
-1.248131
-1.248491
-1.248846
-1.249340
-1.249427
-1.249523
-1.249622
-1.249669
-1.249738
-1.249774
-1.249816
-1.249924
-1.250212
-1.250499
-1.250856
-1.251014
-1.251918
-1.252514
-1.252923
-1.253152
-1.253278
-1.253972
-1.254242
-1.254242
-1.254347
-1.254412
-1.254959
-1.255104
-1.255533
-1.255625
-1.255932
-1.256671
-1.258598
-1.258943
-1.259200
-1.259596
-1.259835
-1.260098
-1.260783
-1.260988
-1.261012
-1.261431
-1.261732
-1.262192
-1.262333
-1.263540
-1.264049
-1.264282
-1.264629
-1.266912
-1.267264
-1.267498
-1.267700
-1.267741
-1.268219
-1.268881
-1.268915
-1.268934
-1.269645
-1.269966
-1.270383
-1.270619
-1.271032
-1.271117
-1.271661
-1.272008
-1.272169
-1.272523
-1.273801
-1.273864
-1.274119
-1.274123
-1.274226
-1.275456
-1.275581
-1.275749
-1.276931
-1.277278
-1.278278
-1.278950
-1.279348
-1.279482
-1.279506
-1.279714
-1.280281
-1.280288
-1.280412
-1.280471
-1.280520
-1.281736
-1.281955
-1.282403
-1.282559
-1.283453
-1.284025
-1.284042
-1.285334
-1.285356
-1.285469
-1.285696
-1.286676
-1.286691
-1.287299
-1.288889
-1.289070
-1.289203
-1.290023
-1.292620
-1.292790
-1.293152
-1.294975
-1.295128
-1.295798
-1.296030
-1.296307
-1.297348
-1.297364
-1.297589
-1.297691
-1.297789
-1.298223
-1.298417
-1.298421
-1.298631
-1.299040
-1.300987
-1.301764
-1.301861
-1.302258
-1.302631
-1.303960
-1.304283
-1.304345
-1.305190
-1.305208
-1.305976
-1.306253
-1.307061
-1.307976
-1.308289
-1.309206
-1.310609
-1.311036
-1.311214
-1.311276
-1.311391
-1.311538
-1.314106
-1.314421
-1.316432
-1.317974
-1.318185
-1.318963
-1.319258
-1.319744
-1.320028
-1.320696
-1.321257
-1.322270
-1.323563
-1.323973
-1.326202
-1.328575
-1.329510
-1.329572
-1.329956
-1.330136
-1.331861
-1.331988
-1.332331
-1.334351
-1.335089
-1.335309
-1.335575
-1.336129
-1.336716
-1.336861
-1.336872
-1.337173
-1.337362
-1.337383
-1.337624
-1.337630
-1.338298
-1.338316
-1.338906
-1.339431
-1.339710
-1.339916
-1.340218
-1.340471
-1.341312
-1.341386
-1.342771
-1.343181
-1.344665
-1.347012
-1.347554
-1.347707
-1.347768
-1.347793
-1.347835
-1.348054
-1.348306
-1.348779
-1.349979
-1.350899
-1.351083
-1.352799
-1.352854
-1.353169
-1.353188
-1.354439
-1.354580
-1.354684
-1.355480
-1.357127
-1.358096
-1.358132
-1.359439
-1.359515
-1.359527
-1.360239
-1.360624
-1.361070
-1.361326
-1.361706
-1.361740
-1.362412
-1.362554
-1.362618
-1.362908
-1.363494
-1.363805
-1.364056
-1.364124
-1.364740
-1.364893
-1.365216
-1.365624
-1.366060
-1.366212
-1.367815
-1.367853
-1.368220
-1.368481
-1.368571
-1.368677
-1.369339
-1.369839
-1.371726
-1.371830
-1.372766
-1.372871
-1.373356
-1.373539
-1.374520
-1.374958
-1.375047
-1.375171
-1.375736
-1.376327
-1.376457
-1.376609
-1.376806
-1.378032
-1.378114
-1.378270
-1.378967
-1.379302
-1.380133
-1.380407
-1.380414
-1.380584
-1.380956
-1.381833
-1.382194
-1.383100
-1.383885
-1.384064
-1.384361
-1.384647
-1.384898
-1.385339
-1.385423
-1.385501
-1.385758
-1.386094
-1.387164
-1.388427
-1.388491
-1.389169
-1.389223
-1.389630
-1.389944
-1.391063
-1.391224
-1.391536
-1.391691
-1.392091
-1.392470
-1.392543
-1.392875
-1.393082
-1.393469
-1.394352
-1.395738
-1.396040
-1.396176
-1.396226
-1.396636
-1.398419
-1.398449
-1.399069
-1.399390
-1.399449
-1.400314
-1.401578
-1.401913
-1.401952
-1.402029
-1.402677
-1.402806
-1.403100
-1.403275
-1.404364
-1.404733
-1.404748
-1.405138
-1.405740
-1.405955
-1.406296
-1.407590
-1.407624
-1.407819
-1.408001
-1.408778
-1.410498
-1.411000
-1.411480
-1.412819
-1.413290
-1.413374
-1.414165
-1.414563
-1.416923
-1.416925
-1.418100
-1.418703
-1.420283
-1.421136
-1.421788
-1.422466
-1.422488
-1.424440
-1.425211
-1.425300
-1.425400
-1.425824
-1.426994
-1.427491
-1.428051
-1.428475
-1.429035
-1.429992
-1.431704
-1.431890
-1.431924
-1.432007
-1.433120
-1.434363
-1.435610
-1.436358
-1.436468
-1.436529
-1.437299
-1.438755
-1.439412
-1.439602
-1.440864
-1.441004
-1.441602
-1.441756
-1.441805
-1.442183
-1.442387
-1.442721
-1.442776
-1.443720
-1.443853
-1.443865
-1.444461
-1.444717
-1.444927
-1.445017
-1.445058
-1.445500
-1.445854
-1.446141
-1.446415
-1.446872
-1.448055
-1.449882
-1.450240
-1.450575
-1.450966
-1.451469
-1.451817
-1.452281
-1.453063
-1.453257
-1.453777
-1.453875
-1.454015
-1.454247
-1.455711
-1.455920
-1.456841
-1.457711
-1.458156
-1.459237
-1.459615
-1.459724
-1.460452
-1.460611
-1.461360
-1.461516
-1.462016
-1.463026
-1.463378
-1.466165
-1.466258
-1.466473
-1.466797
-1.467128
-1.467212
-1.469311
-1.469475
-1.470174
-1.471144
-1.471466
-1.472108
-1.472573
-1.472748
-1.473087
-1.475384
-1.475594
-1.476524
-1.478059
-1.478464
-1.479118
-1.479559
-1.480368
-1.480830
-1.481173
-1.481431
-1.481805
-1.482186
-1.482491
-1.483379
-1.483666
-1.486860
-1.487328
-1.487591
-1.488174
-1.488265
-1.488447
-1.488772
-1.489743
-1.489797
-1.491298
-1.491731
-1.493914
-1.494058
-1.494105
-1.494408
-1.495619
-1.496140
-1.497181
-1.497600
-1.498320
-1.498468
-1.498674
-1.499539
-1.499630
-1.499784
-1.500032
-1.500610
-1.502119
-1.502149
-1.502309
-1.502397
-1.502822
-1.503139
-1.504310
-1.506577
-1.507829
-1.507987
-1.508082
-1.508122
-1.508279
-1.509280
-1.509307
-1.510029
-1.510961
-1.511243
-1.511278
-1.512172
-1.512573
-1.512599
-1.512683
-1.512887
-1.513849
-1.513946
-1.514026
-1.514818
-1.516470
-1.516786
-1.517109
-1.517155
-1.517544
-1.517728
-1.518690
-1.521171
-1.521653
-1.521911
-1.522193
-1.522468
-1.522848
-1.523558
-1.523618
-1.524427
-1.525407
-1.525934
-1.525996
-1.526629
-1.526688
-1.526912
-1.527260
-1.527634
-1.527936
-1.528193
-1.528518
-1.528667
-1.529120
-1.530285
-1.530490
-1.530521
-1.530761
-1.531266
-1.531628
-1.531790
-1.532121
-1.532307
-1.533419
-1.533582
-1.533767
-1.533787
-1.534752
-1.534786
-1.535918
-1.535932
-1.535938
-1.536192
-1.536458
-1.537254
-1.537295
-1.537497
-1.539477
-1.539686
-1.540620
-1.541796
-1.542273
-1.543049
-1.543902
-1.544163
-1.544282
-1.544425
-1.544668
-1.544677
-1.546605
-1.546820
-1.546887
-1.548770
-1.549159
-1.549292
-1.550025
-1.550383
-1.550393
-1.550536
-1.550672
-1.550820
-1.550977
-1.551483
-1.552326
-1.552413
-1.552660
-1.552981
-1.553221
-1.553590
-1.553866
-1.554211
-1.554862
-1.555284
-1.556340
-1.556509
-1.557697
-1.557715
-1.558409
-1.558621
-1.558703
-1.558722
-1.558965
-1.559850
-1.560747
-1.561510
-1.561641
-1.561744
-1.561816
-1.562774
-1.563829
-1.564026
-1.564235
-1.564246
-1.564453
-1.565262
-1.565692
-1.565969
-1.566519
-1.566582
-1.566639
-1.566641
-1.566950
-1.567266
-1.567324
-1.567496
-1.567813
-1.568376
-1.568839
-1.568964
-1.572235
-1.573037
-1.574437
-1.574679
-1.574871
-1.575854
-1.576479
-1.576815
-1.577112
-1.578048
-1.578188
-1.579626
-1.579736
-1.579745
-1.579945
-1.580179
-1.580447
-1.580832
-1.580918
-1.581194
-1.581524
-1.581774
-1.582030
-1.582140
-1.582919
-1.583179
-1.583820
-1.583989
-1.584228
-1.584310
-1.584342
-1.584452
-1.584562
-1.585050
-1.585337
-1.585522
-1.586180
-1.586882
-1.586905
-1.587234
-1.587639
-1.587952
-1.589014
-1.592195
-1.592267
-1.592315
-1.593096
-1.593116
-1.594112
-1.594198
-1.594549
-1.595100
-1.595300
-1.595801
-1.595928
-1.595938
-1.596144
-1.596351
-1.596354
-1.596374
-1.596595
-1.597125
-1.597184
-1.597874
-1.598195
-1.598322
-1.598535
-1.598942
-1.599251
-1.599414
-1.599659
-1.600099
-1.600507
-1.600547
-1.600582
-1.601198
-1.603291
-1.603358
-1.603745
-1.603890
-1.604093
-1.604646
-1.604759
-1.604923
-1.605208
-1.605223
-1.605241
-1.605337
-1.605916
-1.606200
-1.606467
-1.606909
-1.607377
-1.607712
-1.608569
-1.609001
-1.609279
-1.609349
-1.609526
-1.609920
-1.609972
-1.610164
-1.610210
-1.611247
-1.612975
-1.613061
-1.613249
-1.613429
-1.613860
-1.615736
-1.616533
-1.617146
-1.617255
-1.617516
-1.617863
-1.617999
-1.618031
-1.618705
-1.618944
-1.619592
-1.619829
-1.620222
-1.620434
-1.620610
-1.620657
-1.620681
-1.620729
-1.621497
-1.621974
-1.622428
-1.623167
-1.623387
-1.623571
-1.623814
-1.623819
-1.624592
-1.625386
-1.625831
-1.626041
-1.626612
-1.627516
-1.627971
-1.628822
-1.628885
-1.628959
-1.629596
-1.629710
-1.630666
-1.630833
-1.632095
-1.632743
-1.632743
-1.632878
-1.633899
-1.634216
-1.634881
-1.635621
-1.636146
-1.637556
-1.638246
-1.638357
-1.639007
-1.639231
-1.639505
-1.640389
-1.642830
-1.643003
-1.643052
-1.644426
-1.644624
-1.646625
-1.647062
-1.647495
-1.648759
-1.649180
-1.649260
-1.649357
-1.650518
-1.650584
-1.651224
-1.651384
-1.652015
-1.652215
-1.652787
-1.652810
-1.653421
-1.653519
-1.654549
-1.654583
-1.655417
-1.656523
-1.656529
-1.656540
-1.656653
-1.656912
-1.657313
-1.657575
-1.657718
-1.658006
-1.658532
-1.658848
-1.659360
-1.659768
-1.661039
-1.661754
-1.662416
-1.662836
-1.663168
-1.663196
-1.663594
-1.663649
-1.663731
-1.664764
-1.664868
-1.664950
-1.665077
-1.665099
-1.665571
-1.665578
-1.665669
-1.665875
-1.666793
-1.667103
-1.667757
-1.668502
-1.669112
-1.669689
-1.670110
-1.670440
-1.671663
-1.671684
-1.671696
-1.672044
-1.672823
-1.673641
-1.673877
-1.674875
-1.675487
-1.675620
-1.677299
-1.677381
-1.677871
-1.678324
-1.679775
-1.680669
-1.681300
-1.682195
-1.682413
-1.682597
-1.683040
-1.683798
-1.684053
-1.685617
-1.685703
-1.686290
-1.686360
-1.686922
-1.690018
-1.690056
-1.690215
-1.690920
-1.691174
-1.691318
-1.691397
-1.691780
-1.691933
-1.692734
-1.693192
-1.693597
-1.693642
-1.694513
-1.694751
-1.695068
-1.695658
-1.695782
-1.695913
-1.697419
-1.697992
-1.698493
-1.698645
-1.699030
-1.699222
-1.699300
-1.699704
-1.700087
-1.700146
-1.700658
-1.700740
-1.700986
-1.701793
-1.702253
-1.703885
-1.703940
-1.704295
-1.704662
-1.704922
-1.705227
-1.706281
-1.706397
-1.707172
-1.707715
-1.708000
-1.708238
-1.708749
-1.708854
-1.709269
-1.710056
-1.710162
-1.712100
-1.712314
-1.712567
-1.712994
-1.714206
-1.714212
-1.715187
-1.715452
-1.715788
-1.719209
-1.719869
-1.720372
-1.720563
-1.720565
-1.721586
-1.721656
-1.722426
-1.722656
-1.722816
-1.723048
-1.723277
-1.723442
-1.723864
-1.724535
-1.724712
-1.724921
-1.725144
-1.725971
-1.726138
-1.726329
-1.726342
-1.726990
-1.727188
-1.727660
-1.729808
-1.730841
-1.731384
-1.731987
-1.732793
-1.732970
-1.733952
-1.735085
-1.736084
-1.736295
-1.736784
-1.739722
-1.739932
-1.739980
-1.740194
-1.741267
-1.742497
-1.743467
-1.744240
-1.745045
-1.746224
-1.746344
-1.746542
-1.746680
-1.746869
-1.748691
-1.749012
-1.750388
-1.751825
-1.752993
-1.753439
-1.753526
-1.754310
-1.755006
-1.755313
-1.755394
-1.755979
-1.756452
-1.756459
-1.756583
-1.757295
-1.757541
-1.758581
-1.758722
-1.758830
-1.759010
-1.759450
-1.759909
-1.760734
-1.760761
-1.761390
-1.761928
-1.762389
-1.762849
-1.763210
-1.763934
-1.764189
-1.764474
-1.764580
-1.764596
-1.764686
-1.765034
-1.765157
-1.765540
-1.765762
-1.766113
-1.767750
-1.767953
-1.768295
-1.770535
-1.771093
-1.771527
-1.772745
-1.773318
-1.773658
-1.773665
-1.774322
-1.774926
-1.775138
-1.775197
-1.775685
-1.777121
-1.777381
-1.777563
-1.778841
-1.779146
-1.779174
-1.779690
-1.781114
-1.781448
-1.781813
-1.784097
-1.784549
-1.784777
-1.784842
-1.785073
-1.785608
-1.785984
-1.786135
-1.786191
-1.786669
-1.787713
-1.788205
-1.788712
-1.789279
-1.790336
-1.791237
-1.792580
-1.792762
-1.793334
-1.793605
-1.795091
-1.795330
-1.796384
-1.796561
-1.797471
-1.797951
-1.798805
-1.798935
-1.799986
-1.800307
-1.800373
-1.800474
-1.800626
-1.800717
-1.800773
-1.801927
-1.802138
-1.802918
-1.803033
-1.803398
-1.803864
-1.804163
-1.805256
-1.805465
-1.805466
-1.805640
-1.805954
-1.806507
-1.807115
-1.807288
-1.807648
-1.807684
-1.808046
-1.808883
-1.809076
-1.809285
-1.809418
-1.809610
-1.810190
-1.811112
-1.811198
-1.811780
-1.812895
-1.813016
-1.813625
-1.814062
-1.814951
-1.815161
-1.815489
-1.817163
-1.817386
-1.817575
-1.818361
-1.819212
-1.820314
-1.821344
-1.822394
-1.823336
-1.823492
-1.823967
-1.824195
-1.824348
-1.824986
-1.825163
-1.825233
-1.826433
-1.827321
-1.827736
-1.828002
-1.828840
-1.829726
-1.829940
-1.830002
-1.830085
-1.830216
-1.830505
-1.831392
-1.831835
-1.832190
-1.832226
-1.832290
-1.832485
-1.832624
-1.833566
-1.834080
-1.834317
-1.834395
-1.834772
-1.836250
-1.836269
-1.836400
-1.837128
-1.838024
-1.838126
-1.839628
-1.839817
-1.839941
-1.840614
-1.840691
-1.841399
-1.841932
-1.842401
-1.842508
-1.842780
-1.842874
-1.842993
-1.843088
-1.843985
-1.844190
-1.844422
-1.844518
-1.845239
-1.845560
-1.846018
-1.848452
-1.849129
-1.849226
-1.850759
-1.850807
-1.851599
-1.851712
-1.852007
-1.852475
-1.853325
-1.853347
-1.853689
-1.854160
-1.856126
-1.856406
-1.856947
-1.857023
-1.857326
-1.857428
-1.858669
-1.859820
-1.860595
-1.861908
-1.862219
-1.863367
-1.863445
-1.863714
-1.863990
-1.865743
-1.866243
-1.866542
-1.866970
-1.867166
-1.867708
-1.867750
-1.868103
-1.869255
-1.869612
-1.870005
-1.871913
-1.872023
-1.872251
-1.872898
-1.873340
-1.874004
-1.874635
-1.874903
-1.875246
-1.875685
-1.876120
-1.876987
-1.877227
-1.877551
-1.877866
-1.878628
-1.880339
-1.880468
-1.880564
-1.882046
-1.882210
-1.882499
-1.883244
-1.883496
-1.884203
-1.884456
-1.884506
-1.885417
-1.885466
-1.885478
-1.885963
-1.887801
-1.888040
-1.888042
-1.889498
-1.890286
-1.890700
-1.890777
-1.891104
-1.891279
-1.891641
-1.891669
-1.892219
-1.892393
-1.892905
-1.893356
-1.895457
-1.895808
-1.896019
-1.896125
-1.896566
-1.896604
-1.897248
-1.897581
-1.898659
-1.898679
-1.898685
-1.898930
-1.899238
-1.899600
-1.900429
-1.900904
-1.901107
-1.902873
-1.902989
-1.903128
-1.903341
-1.903463
-1.904400
-1.905438
-1.905480
-1.905923
-1.906128
-1.906984
-1.907327
-1.907514
-1.908838
-1.909347
-1.909622
-1.910041
-1.910836
-1.911313
-1.911978
-1.912354
-1.912422
-1.913111
-1.913958
-1.914272
-1.914723
-1.915088
-1.915209
-1.915735
-1.915777
-1.916173
-1.916530
-1.917031
-1.917316
-1.918519
-1.918563
-1.918721
-1.918829
-1.920006
-1.920452
-1.920765
-1.921079
-1.922519
-1.922964
-1.924510
-1.925509
-1.926110
-1.926268
-1.927017
-1.927219
-1.927896
-1.927913
-1.928019
-1.928112
-1.928118
-1.928484
-1.930349
-1.930450
-1.930455
-1.931886
-1.935108
-1.935258
-1.935582
-1.935588
-1.935654
-1.935760
-1.935778
-1.936050
-1.936148
-1.937087
-1.937168
-1.937721
-1.937873
-1.937982
-1.938818
-1.939287
-1.940343
-1.940549
-1.942025
-1.942305
-1.942330
-1.942561
-1.942869
-1.943903
-1.943913
-1.945154
-1.945349
-1.946670
-1.947142
-1.948897
-1.949557
-1.949883
-1.950009
-1.950127
-1.950381
-1.950631
-1.951100
-1.951291
-1.951584
-1.951920
-1.954223
-1.954780
-1.954935
-1.955387
-1.955422
-1.955554
-1.955870
-1.956433
-1.957101
-1.957460
-1.958148
-1.958351
-1.958525
-1.958752
-1.959298
-1.959546
-1.959663
-1.959969
-1.960418
-1.962374
-1.963144
-1.963522
-1.963602
-1.963687
-1.963776
-1.963934
-1.964849
-1.965084
-1.965318
-1.965623
-1.966041
-1.966581
-1.967081
-1.967093
-1.969219
-1.969568
-1.969614
-1.969760
-1.969912
-1.970916
-1.971360
-1.972029
-1.972095
-1.973679
-1.974054
-1.974535
-1.974610
-1.974931
-1.975139
-1.975315
-1.976525
-1.978558
-1.980408
-1.981365
-1.981712
-1.981974
-1.982257
-1.982373
-1.984599
-1.984625
-1.985498
-1.986358
-1.986869
-1.988285
-1.989112
-1.990182
-1.990792
-1.991108
-1.991580
-1.991949
-1.992136
-1.992376
-1.992848
-1.993496
-1.993542
-1.993918
-1.993964
-1.994067
-1.995986
-1.996052
-1.997073
-1.997113
-1.997731
-1.998475
-1.998647
-1.998815
-1.999411
-1.999616
-1.999626
-1.999795
-2.000241
-2.000364
-2.000464
-2.000674
-2.001432
-2.002103
-2.003616
-2.003659
-2.003854
-2.003915
-2.004051
-2.004467
-2.004668
-2.005160
-2.005527
-2.006248
-2.006865
-2.008076
-2.008980
-2.009363
-2.010413
-2.011076
-2.011226
-2.011323
-2.011681
-2.011837
-2.012007
-2.012290
-2.012306
-2.013004
-2.013143
-2.013300
-2.013498
-2.013615
-2.014305
-2.014374
-2.014545
-2.014682
-2.017055
-2.019711
-2.019820
-2.019928
-2.021565
-2.022765
-2.022869
-2.023406
-2.023557
-2.024187
-2.024528
-2.024530
-2.024763
-2.025010
-2.025185
-2.025326
-2.026558
-2.026611
-2.026723
-2.029324
-2.029739
-2.029870
-2.030004
-2.030599
-2.030772
-2.030905
-2.031115
-2.031212
-2.031422
-2.031910
-2.032657
-2.032822
-2.033516
-2.033527
-2.034303
-2.036245
-2.036263
-2.036295
-2.037190
-2.037325
-2.039223
-2.039873
-2.040001
-2.040259
-2.040466
-2.040922
-2.041267
-2.041293
-2.043243
-2.044184
-2.044662
-2.044767
-2.046287
-2.046492
-2.046799
-2.047558
-2.047976
-2.048006
-2.048576
-2.049148
-2.049206
-2.050081
-2.050439
-2.050602
-2.051423
-2.055118
-2.056263
-2.058705
-2.059147
-2.059758
-2.059958
-2.061437
-2.062761
-2.063933
-2.066157
-2.067008
-2.067129
-2.067668
-2.068787
-2.070441
-2.070723
-2.070778
-2.071245
-2.071679
-2.071876
-2.072757
-2.075124
-2.075140
-2.075213
-2.075349
-2.076228
-2.076421
-2.076961
-2.078385
-2.078687
-2.079270
-2.080040
-2.080243
-2.082563
-2.082736
-2.082975
-2.083200
-2.083280
-2.083342
-2.083514
-2.083993
-2.085369
-2.085898
-2.086375
-2.088177
-2.089313
-2.089726
-2.090102
-2.090662
-2.091463
-2.091728
-2.091868
-2.092575
-2.093509
-2.093605
-2.093727
-2.094035
-2.095359
-2.096918
-2.096937
-2.097166
-2.097964
-2.098033
-2.098328
-2.098614
-2.098690
-2.098873
-2.099378
-2.099516
-2.099650
-2.099775
-2.100024
-2.100191
-2.100512
-2.100809
-2.101582
-2.102660
-2.104613
-2.104910
-2.106704
-2.107103
-2.107262
-2.107424
-2.107940
-2.108403
-2.108522
-2.108686
-2.109074
-2.109266
-2.109267
-2.109683
-2.109999
-2.110593
-2.110863
-2.111876
-2.112033
-2.112366
-2.112426
-2.114342
-2.115264
-2.116854
-2.116994
-2.117111
-2.117672
-2.118709
-2.119166
-2.119381
-2.119633
-2.119756
-2.120539
-2.120836
-2.121353
-2.121882
-2.122048
-2.122142
-2.122326
-2.122541
-2.123146
-2.124179
-2.125015
-2.125570
-2.126898
-2.127650
-2.128655
-2.129354
-2.130177
-2.130436
-2.130708
-2.131712
-2.131822
-2.132800
-2.133222
-2.133888
-2.133921
-2.134683
-2.134764
-2.135180
-2.135298
-2.136614
-2.138964
-2.139152
-2.139361
-2.140287
-2.140935
-2.141736
-2.141827
-2.142107
-2.142281
-2.143229
-2.143569
-2.143724
-2.145062
-2.145171
-2.146002
-2.147270
-2.147537
-2.147975
-2.148019
-2.148386
-2.148687
-2.148721
-2.148721
-2.149656
-2.150087
-2.150161
-2.150986
-2.151096
-2.151127
-2.153836
-2.154424
-2.155037
-2.155374
-2.155667
-2.155843
-2.155981
-2.156104
-2.156661
-2.157199
-2.157295
-2.157339
-2.158230
-2.158656
-2.159648
-2.160098
-2.160342
-2.160390
-2.161794
-2.162885
-2.163313
-2.164037
-2.165222
-2.165440
-2.165869
-2.166115
-2.166381
-2.166410
-2.166522
-2.167090
-2.167395
-2.168303
-2.168662
-2.170037
-2.170051
-2.170097
-2.170820
-2.170849
-2.171391
-2.171759
-2.173859
-2.174595
-2.175711
-2.176038
-2.176886
-2.177008
-2.178332
-2.178430
-2.178821
-2.179167
-2.179266
-2.179355
-2.180626
-2.180924
-2.181202
-2.181603
-2.181732
-2.181819
-2.182771
-2.183958
-2.184521
-2.185053
-2.185126
-2.185534
-2.186555
-2.186563
-2.187533
-2.188220
-2.188774
-2.189288
-2.190792
-2.191241
-2.191625
-2.191920
-2.191980
-2.192710
-2.193594
-2.193828
-2.195540
-2.196049
-2.196478
-2.196511
-2.196766
-2.197664
-2.197767
-2.197977
-2.198188
-2.198513
-2.199539
-2.199605
-2.200213
-2.200747
-2.200979
-2.201396
-2.201780
-2.201952
-2.203282
-2.203488
-2.203547
-2.203731
-2.204125
-2.204455
-2.204478
-2.204566
-2.204607
-2.204783
-2.206083
-2.207013
-2.207440
-2.208189
-2.209715
-2.209833
-2.209862
-2.210380
-2.210626
-2.210727
-2.211843
-2.212668
-2.213038
-2.213834
-2.214048
-2.214987
-2.215242
-2.215409
-2.215449
-2.215503
-2.215952
-2.216242
-2.216486
-2.217418
-2.217461
-2.217581
-2.218221
-2.218442
-2.218965
-2.219137
-2.220476
-2.220718
-2.221146
-2.221164
-2.221620
-2.222188
-2.224139
-2.226045
-2.226793
-2.228286
-2.229498
-2.229843
-2.229943
-2.230017
-2.230538
-2.231361
-2.231534
-2.232285
-2.232456
-2.233542
-2.234079
-2.234178
-2.234834
-2.235233
-2.235241
-2.236484
-2.237104
-2.237139
-2.237952
-2.238061
-2.238498
-2.240226
-2.240418
-2.241664
-2.241886
-2.241991
-2.242033
-2.242748
-2.242858
-2.243637
-2.243685
-2.243729
-2.243758
-2.244048
-2.244537
-2.245261
-2.245463
-2.246368
-2.246539
-2.247572
-2.247575
-2.247724
-2.248297
-2.248370
-2.248661
-2.248806
-2.249129
-2.249379
-2.249995
-2.250451
-2.250961
-2.251085
-2.251109
-2.251821
-2.252119
-2.252445
-2.252949
-2.253229
-2.253243
-2.253451
-2.253534
-2.254061
-2.254083
-2.254482
-2.254578
-2.254865
-2.255792
-2.255975
-2.256295
-2.256384
-2.256532
-2.259143
-2.259329
-2.260042
-2.260675
-2.260915
-2.261165
-2.261569
-2.263050
-2.263108
-2.263258
-2.263884
-2.264089
-2.264556
-2.265980
-2.267182
-2.267253
-2.267768
-2.267834
-2.268027
-2.268433
-2.269198
-2.271006
-2.271020
-2.271117
-2.271641
-2.272024
-2.272070
-2.272355
-2.272420
-2.273877
-2.274258
-2.276898
-2.277048
-2.277338
-2.277690
-2.277810
-2.278653
-2.279110
-2.279231
-2.280349
-2.281097
-2.282329
-2.282470
-2.282652
-2.283173
-2.283487
-2.283721
-2.283952
-2.284200
-2.284427
-2.284888
-2.285377
-2.285403
-2.285682
-2.285737
-2.285932
-2.286420
-2.286525
-2.286832
-2.286967
-2.287026
-2.287991
-2.288134
-2.288301
-2.288420
-2.288673
-2.289792
-2.290514
-2.291095
-2.291107
-2.291208
-2.291796
-2.292143
-2.292190
-2.292234
-2.292367
-2.292414
-2.292509
-2.293379
-2.294159
-2.296111
-2.296325
-2.296453
-2.296463
-2.297804
-2.297888
-2.297930
-2.298038
-2.298715
-2.298921
-2.299351
-2.299917
-2.300741
-2.301845
-2.302178
-2.302995
-2.303369
-2.303808
-2.304910
-2.306123
-2.306183
-2.308166
-2.309066
-2.310121
-2.310267
-2.311065
-2.311084
-2.311423
-2.311761
-2.312800
-2.313021
-2.313182
-2.313406
-2.313488
-2.316392
-2.316567
-2.316981
-2.317226
-2.317427
-2.317475
-2.317959
-2.318090
-2.318408
-2.318724
-2.318989
-2.319169
-2.319407
-2.319597
-2.319861
-2.319930
-2.320205
-2.320668
-2.321170
-2.321360
-2.321455
-2.322285
-2.322334
-2.322929
-2.323058
-2.323581
-2.324200
-2.324610
-2.324690
-2.325666
-2.325742
-2.327280
-2.327706
-2.328390
-2.328703
-2.329027
-2.329145
-2.330037
-2.331060
-2.331188
-2.333030
-2.333448
-2.333810
-2.334183
-2.334271
-2.334397
-2.334609
-2.334704
-2.334767
-2.334784
-2.334810
-2.335712
-2.336395
-2.336908
-2.337647
-2.337786
-2.338055
-2.339678
-2.339750
-2.339952
-2.340186
-2.340199
-2.340491
-2.340665
-2.341061
-2.341469
-2.341729
-2.341964
-2.342545
-2.343397
-2.343572
-2.343927
-2.344050
-2.345003
-2.345500
-2.345889
-2.346703
-2.347278
-2.347489
-2.348016
-2.349839
-2.349937
-2.350446
-2.350683
-2.352561
-2.352646
-2.352976
-2.353626
-2.354635
-2.355940
-2.356531
-2.358040
-2.358218
-2.359313
-2.360618
-2.360632
-2.360894
-2.361193
-2.361906
-2.362247
-2.363041
-2.363463
-2.363885
-2.363961
-2.364452
-2.365093
-2.365386
-2.365758
-2.366761
-2.366870
-2.367323
-2.367342
-2.367853
-2.368018
-2.368279
-2.368747
-2.369308
-2.370282
-2.370626
-2.370811
-2.372554
-2.373596
-2.373874
-2.374419
-2.374594
-2.374891
-2.375988
-2.376482
-2.376843
-2.377704
-2.378217
-2.380208
-2.380449
-2.380765
-2.381256
-2.381333
-2.382524
-2.383240
-2.384485
-2.384851
-2.385935
-2.386215
-2.387127
-2.387759
-2.388006
-2.388695
-2.389229
-2.389519
-2.389639
-2.390324
-2.391017
-2.391477
-2.391702
-2.392213
-2.392798
-2.393395
-2.393506
-2.394283
-2.395354
-2.395370
-2.396854
-2.397109
-2.400153
-2.400472
-2.400578
-2.400688
-2.401183
-2.401536
-2.402079
-2.402150
-2.402679
-2.403775
-2.404749
-2.404818
-2.405040
-2.405206
-2.405289
-2.405436
-2.405667
-2.405758
-2.406157
-2.407985
-2.409080
-2.410315
-2.411365
-2.411779
-2.412458
-2.412496
-2.412653
-2.412811
-2.412847
-2.412923
-2.412966
-2.413359
-2.414131
-2.414352
-2.414410
-2.415092
-2.415533
-2.416285
-2.416572
-2.416836
-2.417122
-2.417520
-2.419191
-2.419443
-2.420089
-2.421235
-2.421332
-2.422816
-2.423506
-2.423592
-2.424215
-2.427545
-2.427706
-2.427719
-2.428667
-2.428676
-2.428983
-2.429365
-2.429886
-2.429891
-2.430130
-2.430401
-2.430933
-2.431257
-2.431997
-2.432477
-2.432840
-2.432978
-2.433684
-2.433901
-2.434069
-2.434228
-2.434297
-2.434443
-2.434702
-2.435671
-2.436271
-2.437334
-2.438251
-2.438315
-2.438994
-2.439894
-2.441442
-2.441545
-2.441580
-2.442168
-2.442517
-2.442831
-2.442924
-2.443735
-2.443856
-2.444649
-2.445189
-2.445713
-2.446788
-2.447110
-2.447422
-2.447956
-2.448186
-2.448532
-2.451353
-2.451469
-2.451696
-2.453757
-2.454208
-2.454265
-2.454756
-2.454990
-2.455234
-2.456299
-2.456301
-2.456457
-2.456665
-2.456728
-2.458279
-2.458371
-2.459476
-2.459553
-2.459768
-2.459989
-2.460394
-2.460418
-2.460509
-2.460732
-2.462614
-2.462919
-2.462988
-2.463289
-2.463555
-2.463628
-2.464163
-2.464330
-2.465466
-2.465994
-2.466194
-2.466786
-2.467109
-2.467145
-2.467293
-2.467725
-2.467906
-2.468865
-2.469336
-2.469671
-2.470178
-2.470344
-2.470584
-2.470589
-2.471786
-2.472391
-2.472412
-2.472782
-2.473549
-2.474435
-2.476254
-2.476859
-2.477378
-2.477389
-2.478007
-2.478112
-2.478351
-2.478409
-2.479137
-2.479428
-2.479528
-2.479940
-2.480315
-2.480514
-2.480578
-2.480593
-2.480812
-2.481409
-2.481425
-2.481751
-2.482314
-2.482376
-2.482815
-2.483146
-2.484287
-2.485053
-2.485421
-2.485939
-2.486017
-2.486146
-2.489274
-2.489570
-2.489729
-2.489775
-2.490260
-2.490556
-2.490735
-2.491120
-2.491613
-2.492239
-2.492252
-2.493298
-2.493502
-2.494378
-2.494445
-2.495592
-2.495633
-2.496028
-2.497058
-2.497182
-2.497194
-2.497885
-2.497923
-2.498893
-2.499190
-2.499534
-2.499951
-2.500468
-2.500824
-2.502063
-2.503044
-2.503182
-2.503222
-2.503562
-2.503647
-2.504090
-2.504864
-2.504864
-2.505415
-2.505742
-2.506297
-2.506304
-2.506314
-2.506407
-2.507223
-2.508620
