0.017270
0.017263
0.017263
0.017262
0.017258
0.017254
0.017250
0.017249
0.017247
0.017234
0.017233
0.017230
0.017229
0.017227
0.017223
0.017220
0.017220
0.017212
0.017211
0.017206
0.017204
0.017198
0.017197
0.017194
0.017192
0.017190
0.017188
0.017188
0.017185
0.017183
0.017178
0.017176
0.017168
0.017164
0.017163
0.017162
0.017156
0.017147
0.017141
0.017122
0.017120
0.017118
0.017113
0.017097
0.017095
0.017091
0.017086
0.017083
0.017080
0.017072
0.017056
0.017053
0.017050
0.017048
0.017047
0.017046
0.017037
0.017033
0.017028
0.017028
0.017025
0.017024
0.017020
0.017019
0.017018
0.017018
0.017016
0.017015
0.017012
0.017009
0.017004
0.017000
0.016997
0.016995
0.016995
0.016994
0.016990
0.016983
0.016977
0.016975
0.016965
0.016964
0.016963
0.016962
0.016957
0.016956
0.016946
0.016944
0.016944
0.016942
0.016942
0.016941
0.016941
0.016938
0.016937
0.016929
0.016915
0.016914
0.016902
0.016899
0.016898
0.016894
0.016893
0.016891
0.016884
0.016876
0.016872
0.016867
0.016867
0.016862
0.016861
0.016860
0.016850
0.016850
0.016848
0.016847
0.016836
0.016827
0.016827
0.016827
0.016825
0.016822
0.016815
0.016814
0.016811
0.016810
0.016809
0.016808
0.016804
0.016801
0.016800
0.016800
0.016800
0.016797
0.016796
0.016793
0.016793
0.016791
0.016789
0.016784
0.016783
0.016782
0.016781
0.016781
0.016776
0.016773
0.016773
0.016760
0.016758
0.016755
0.016754
0.016754
0.016749
0.016748
0.016747
0.016740
0.016739
0.016735
0.016734
0.016734
0.016731
0.016726
0.016725
0.016717
0.016713
0.016708
0.016705
0.016698
0.016698
0.016696
0.016694
0.016688
0.016679
0.016671
0.016669
0.016661
0.016661
0.016648
0.016647
0.016644
0.016642
0.016636
0.016635
0.016634
0.016632
0.016629
0.016627
0.016626
0.016626
0.016623
0.016623
0.016621
0.016620
0.016619
0.016617
0.016617
0.016610
0.016607
0.016604
0.016601
0.016599
0.016599
0.016598
0.016595
0.016589
0.016584
0.016578
0.016576
0.016574
0.016565
0.016555
0.016554
0.016548
0.016548
0.016545
0.016531
0.016530
0.016528
0.016524
0.016524
0.016521
0.016516
0.016515
0.016514
0.016513
0.016511
0.016506
0.016504
0.016501
0.016500
0.016498
0.016496
0.016492
0.016490
0.016487
0.016486
0.016486
0.016485
0.016480
0.016477
0.016476
0.016474
0.016474
0.016471
0.016471
0.016465
0.016464
0.016463
0.016463
0.016461
0.016458
0.016458
0.016451
0.016446
0.016443
0.016429
0.016428
0.016423
0.016418
0.016411
0.016408
0.016403
0.016402
0.016401
0.016398
0.016389
0.016388
0.016387
0.016379
0.016377
0.016376
0.016374
0.016372
0.016371
0.016370
0.016369
0.016367
0.016366
0.016365
0.016361
0.016359
0.016358
0.016352
0.016350
0.016347
0.016343
0.016343
0.016343
0.016336
0.016309
0.016297
0.016296
0.016294
0.016291
0.016291
0.016289
0.016286
0.016285
0.016275
0.016273
0.016266
0.016265
0.016256
0.016251
0.016249
0.016247
0.016244
0.016243
0.016242
0.016236
0.016227
0.016212
0.016209
0.016207
0.016204
0.016203
0.016202
0.016202
0.016202
0.016191
0.016189
0.016188
0.016184
0.016171
0.016169
0.016167
0.016159
0.016159
0.016155
0.016151
0.016150
0.016147
0.016147
0.016144
0.016132
0.016125
0.016119
0.016115
0.016114
0.016108
0.016107
0.016106
0.016105
0.016101
0.016101
0.016082
0.016080
0.016078
0.016076
0.016075
0.016074
0.016070
0.016067
0.016065
0.016062
0.016060
0.016057
0.016056
0.016033
0.016025
0.016024
0.016019
0.016016
0.016012
0.016008
0.016007
0.016005
0.016005
0.016002
0.016001
0.015999
0.015995
0.015995
0.015993
0.015992
0.015990
0.015988
0.015978
0.015973
0.015969
0.015968
0.015965
0.015965
0.015963
0.015962
0.015961
0.015954
0.015947
0.015946
0.015946
0.015940
0.015939
0.015937
0.015932
0.015931
0.015925
0.015924
0.015912
0.015910
0.015907
0.015901
0.015898
0.015894
0.015894
0.015894
0.015892
0.015890
0.015882
0.015882
0.015879
0.015876
0.015874
0.015874
0.015874
0.015870
0.015867
0.015861
0.015861
0.015858
0.015856
0.015853
0.015849
0.015842
0.015841
0.015834
0.015830
0.015824
0.015823
0.015823
0.015815
0.015814
0.015811
0.015811
0.015803
0.015795
0.015792
0.015787
0.015785
0.015785
0.015782
0.015781
0.015769
0.015760
0.015755
0.015755
0.015752
0.015748
0.015741
0.015739
0.015728
0.015716
0.015709
0.015704
0.015703
0.015700
0.015699
0.015698
0.015696
0.015691
0.015691
0.015690
0.015688
0.015669
0.015663
0.015663
0.015660
0.015652
0.015651
0.015650
0.015642
0.015640
0.015639
0.015636
0.015635
0.015635
0.015634
0.015632
0.015627
0.015614
0.015614
0.015613
0.015606
0.015604
0.015589
0.015588
0.015585
0.015582
0.015575
0.015573
0.015568
0.015562
0.015562
0.015559
0.015546
0.015541
0.015539
0.015536
0.015532
0.015524
0.015524
0.015522
0.015519
0.015517
0.015514
0.015504
0.015503
0.015502
0.015502
0.015499
0.015498
0.015497
0.015497
0.015488
0.015479
0.015475
0.015471
0.015470
0.015469
0.015468
0.015464
0.015460
0.015459
0.015458
0.015455
0.015454
0.015450
0.015449
0.015449
0.015448
0.015447
0.015447
0.015445
0.015443
0.015443
0.015441
0.015438
0.015424
0.015424
0.015422
0.015421
0.015420
0.015420
0.015419
0.015414
0.015410
0.015406
0.015403
0.015398
0.015397
0.015388
0.015377
0.015376
0.015376
0.015374
0.015372
0.015370
0.015368
0.015368
0.015365
0.015364
0.015363
0.015360
0.015355
0.015339
0.015337
0.015332
0.015324
0.015318
0.015318
0.015318
0.015316
0.015307
0.015303
0.015297
0.015294
0.015294
0.015292
0.015287
0.015285
0.015285
0.015284
0.015277
0.015268
0.015261
0.015257
0.015248
0.015242
0.015236
0.015228
0.015224
0.015224
0.015222
0.015216
0.015216
0.015211
0.015208
0.015208
0.015207
0.015207
0.015203
0.015198
0.015195
0.015192
0.015192
0.015191
0.015189
0.015184
0.015180
0.015173
0.015171
0.015168
0.015168
0.015166
0.015165
0.015163
0.015162
0.015161
0.015156
0.015154
0.015154
0.015153
0.015149
0.015148
0.015138
0.015137
0.015133
0.015125
0.015123
0.015123
0.015112
0.015110
0.015108
0.015106
0.015104
0.015102
0.015095
0.015092
0.015092
0.015085
0.015083
0.015081
0.015079
0.015079
0.015078
0.015078
0.015073
0.015071
0.015071
0.015068
0.015066
0.015062
0.015061
0.015054
0.015053
0.015050
0.015048
0.015041
0.015035
0.015035
0.015030
0.015029
0.015019
0.015015
0.015013
0.015008
0.015003
0.015001
0.014993
0.014986
0.014985
0.014985
0.014980
0.014975
0.014963
0.014963
0.014962
0.014958
0.014958
0.014956
0.014949
0.014947
0.014944
0.014930
0.014924
0.014921
0.014911
0.014898
0.014897
0.014896
0.014892
0.014886
0.014885
0.014885
0.014884
0.014883
0.014881
0.014880
0.014879
0.014874
0.014873
0.014862
0.014857
0.014856
0.014852
0.014850
0.014848
0.014847
0.014843
0.014843
0.014842
0.014840
0.014834
0.014833
0.014832
0.014826
0.014824
0.014822
0.014819
0.014816
0.014812
0.014802
0.014800
0.014799
0.014798
0.014785
0.014783
0.014781
0.014779
0.014777
0.014775
0.014772
0.014765
0.014762
0.014761
0.014760
0.014760
0.014755
0.014754
0.014748
0.014747
0.014735
0.014733
0.014732
0.014731
0.014729
0.014726
0.014724
0.014722
0.014721
0.014719
0.014717
0.014713
0.014713
0.014712
0.014707
0.014698
0.014697
0.014695
0.014690
0.014687
0.014684
0.014682
0.014681
0.014671
0.014669
0.014667
0.014667
0.014666
0.014661
0.014658
0.014656
0.014654
0.014650
0.014648
0.014645
0.014643
0.014639
0.014638
0.014634
0.014631
0.014629
0.014623
0.014623
0.014620
0.014619
0.014614
0.014610
0.014607
0.014606
0.014605
0.014603
0.014598
0.014597
0.014596
0.014593
0.014589
0.014582
0.014577
0.014576
0.014570
0.014566
0.014559
0.014558
0.014552
0.014552
0.014547
0.014540
0.014540
0.014536
0.014534
0.014534
0.014530
0.014526
0.014508
0.014500
0.014491
0.014491
0.014488
0.014485
0.014483
0.014482
0.014482
0.014462
0.014454
0.014446
0.014441
0.014439
0.014432
0.014427
0.014423
0.014416
0.014412
0.014412
0.014408
0.014406
0.014403
0.014398
0.014397
0.014396
0.014393
0.014386
0.014384
0.014383
0.014373
0.014363
0.014362
0.014358
0.014347
0.014335
0.014333
0.014331
0.014327
0.014327
0.014313
0.014312
0.014311
0.014309
0.014292
0.014287
0.014286
0.014284
0.014283
0.014282
0.014277
0.014272
0.014261
0.014253
0.014248
0.014245
0.014242
0.014241
0.014241
0.014241
0.014231
0.014229
0.014227
0.014225
0.014220
0.014219
0.014215
0.014213
0.014212
0.014211
0.014210
0.014209
0.014203
0.014190
0.014185
0.014181
0.014172
0.014170
0.014165
0.014162
0.014162
0.014160
0.014157
0.014156
0.014149
0.014139
0.014138
0.014134
0.014131
0.014126
0.014126
0.014124
0.014121
0.014114
0.014114
0.014110
0.014110
0.014108
0.014108
0.014108
0.014107
0.014107
0.014099
0.014096
0.014094
0.014091
0.014090
0.014090
0.014088
0.014086
0.014086
0.014085
0.014078
0.014078
0.014077
0.014077
0.014071
0.014069
0.014068
0.014062
0.014057
0.014051
0.014050
0.014050
0.014047
0.014045
0.014043
0.014041
0.014040
0.014034
0.014033
0.014032
0.014027
0.014019
0.014016
0.014005
0.014005
0.014002
0.014001
0.013998
0.013989
0.013986
0.013978
0.013978
0.013978
0.013977
0.013975
0.013973
0.013972
0.013965
0.013964
0.013964
0.013963
0.013963
0.013962
0.013947
0.013943
0.013941
0.013935
0.013934
0.013924
0.013923
0.013917
0.013914
0.013912
0.013908
0.013904
0.013903
0.013899
0.013884
0.013877
0.013857
0.013856
0.013856
0.013855
0.013854
0.013851
0.013848
0.013848
0.013844
0.013842
0.013835
0.013834
0.013830
0.013828
0.013824
0.013823
0.013818
0.013815
0.013813
0.013812
0.013807
0.013805
0.013805
0.013804
0.013803
0.013796
0.013793
0.013789
0.013788
0.013786
0.013776
0.013768
0.013762
0.013760
0.013759
0.013756
0.013744
0.013738
0.013735
0.013732
0.013730
0.013726
0.013723
0.013722
0.013722
0.013719
0.013717
0.013713
0.013710
0.013709
0.013706
0.013702
0.013701
0.013699
0.013697
0.013696
0.013693
0.013690
0.013688
0.013676
0.013674
0.013670
0.013668
0.013664
0.013662
0.013662
0.013661
0.013658
0.013657
0.013654
0.013651
0.013649
0.013644
0.013641
0.013636
0.013634
0.013634
0.013634
0.013627
0.013615
0.013606
0.013600
0.013598
0.013597
0.013593
0.013590
0.013590
0.013584
0.013582
0.013580
0.013573
0.013571
0.013563
0.013559
0.013554
0.013549
0.013545
0.013539
0.013539
0.013538
0.013538
0.013536
0.013533
0.013532
0.013529
0.013516
0.013514
0.013512
0.013510
0.013509
0.013507
0.013505
0.013503
0.013500
0.013497
0.013495
0.013491
0.013485
0.013485
0.013477
0.013472
0.013469
0.013468
0.013465
0.013451
0.013443
0.013441
0.013440
0.013436
0.013434
0.013434
0.013432
0.013428
0.013426
0.013425
0.013423
0.013422
0.013418
0.013418
0.013418
0.013417
0.013416
0.013415
0.013413
0.013413
0.013405
0.013405
0.013405
0.013397
0.013397
0.013392
0.013391
0.013381
0.013380
0.013375
0.013371
0.013368
0.013366
0.013365
0.013360
0.013352
0.013343
0.013341
0.013340
0.013338
0.013337
0.013322
0.013317
0.013312
0.013310
0.013300
0.013298
0.013297
0.013297
0.013295
0.013291
0.013287
0.013283
0.013270
0.013270
0.013268
0.013266
0.013263
0.013258
0.013254
0.013252
0.013250
0.013249
0.013245
0.013236
0.013235
0.013233
0.013232
0.013228
0.013219
0.013217
0.013213
0.013207
0.013199
0.013191
0.013183
0.013177
0.013174
0.013174
0.013170
0.013168
0.013165
0.013164
0.013158
0.013153
0.013152
0.013148
0.013145
0.013143
0.013140
0.013136
0.013133
0.013132
0.013123
0.013122
0.013120
0.013119
0.013116
0.013114
0.013113
0.013110
0.013107
0.013106
0.013105
0.013104
0.013103
0.013101
0.013084
0.013082
0.013082
0.013082
0.013076
0.013068
0.013065
0.013061
0.013058
0.013052
0.013051
0.013049
0.013046
0.013044
0.013042
0.013042
0.013038
0.013034
0.013031
0.013030
0.013028
0.013028
0.013027
0.013026
0.013025
0.013025
0.013023
0.013018
0.013008
0.013005
0.013000
0.012990
0.012987
0.012986
0.012981
0.012979
0.012978
0.012961
0.012958
0.012953
0.012944
0.012942
0.012929
0.012926
0.012925
0.012924
0.012924
0.012924
0.012923
0.012919
0.012915
0.012914
0.012911
0.012907
0.012899
0.012897
0.012896
0.012890
0.012889
0.012889
0.012886
0.012885
0.012882
0.012866
0.012865
0.012860
0.012860
0.012859
0.012853
0.012849
0.012841
0.012837
0.012836
0.012835
0.012833
0.012831
0.012831
0.012826
0.012822
0.012811
0.012799
0.012797
0.012796
0.012793
0.012788
0.012787
0.012787
0.012784
0.012784
0.012783
0.012782
0.012779
0.012776
0.012775
0.012767
0.012765
0.012765
0.012760
0.012758
0.012757
0.012753
0.012752
0.012751
0.012748
0.012747
0.012747
0.012743
0.012742
0.012740
0.012736
0.012735
0.012733
0.012730
0.012728
0.012726
0.012720
0.012718
0.012718
0.012712
0.012711
0.012709
0.012707
0.012702
0.012700
0.012695
0.012687
0.012686
0.012684
0.012681
0.012679
0.012661
0.012661
0.012658
0.012644
0.012644
0.012641
0.012640
0.012637
0.012625
0.012625
0.012623
0.012622
0.012611
0.012611
0.012608
0.012607
0.012606
0.012600
0.012599
0.012595
0.012591
0.012588
0.012544
0.012539
0.012539
0.012535
0.012534
0.012528
0.012522
0.012520
0.012518
0.012516
0.012508
0.012508
0.012506
0.012506
0.012503
0.012500
0.012499
0.012474
0.012470
0.012459
0.012457
0.012451
0.012450
0.012450
0.012449
0.012447
0.012444
0.012443
0.012431
0.012421
0.012421
0.012421
0.012418
0.012414
0.012412
0.012409
0.012395
0.012395
0.012386
0.012383
0.012376
0.012375
0.012370
0.012369
0.012362
0.012358
0.012356
0.012355
0.012352
0.012351
0.012344
0.012343
0.012343
0.012340
0.012339
0.012338
0.012338
0.012332
0.012322
0.012313
0.012310
0.012307
0.012306
0.012306
0.012306
0.012303
0.012302
0.012300
0.012298
0.012297
0.012296
0.012295
0.012293
0.012287
0.012280
0.012279
0.012279
0.012275
0.012263
0.012257
0.012256
0.012251
0.012251
0.012247
0.012247
0.012243
0.012242
0.012236
0.012235
0.012233
0.012229
0.012229
0.012227
0.012222
0.012221
0.012221
0.012217
0.012217
0.012217
0.012211
0.012207
0.012200
0.012199
0.012198
0.012197
0.012189
0.012187
0.012182
0.012179
0.012168
0.012168
0.012166
0.012162
0.012161
0.012158
0.012156
0.012150
0.012146
0.012144
0.012136
0.012135
0.012131
0.012127
0.012123
0.012122
0.012120
0.012120
0.012112
0.012112
0.012108
0.012106
0.012106
0.012106
0.012100
0.012096
0.012094
0.012092
0.012092
0.012068
0.012065
0.012063
0.012057
0.012057
0.012054
0.012046
0.012044
0.012042
0.012039
0.012039
0.012031
0.012029
0.012027
0.012025
0.012024
0.012012
0.012011
0.012009
0.012003
0.011997
0.011987
0.011987
0.011987
0.011982
0.011972
0.011965
0.011963
0.011952
0.011952
0.011947
0.011946
0.011941
0.011925
0.011924
0.011921
0.011921
0.011914
0.011912
0.011910
0.011902
0.011894
0.011892
0.011892
0.011889
0.011887
0.011882
0.011877
0.011872
0.011872
0.011872
0.011871
0.011870
0.011864
0.011856
0.011855
0.011855
0.011854
0.011847
0.011844
0.011844
0.011843
0.011842
0.011840
0.011840
0.011837
0.011836
0.011833
0.011827
0.011822
0.011821
0.011817
0.011815
0.011814
0.011809
0.011808
0.011806
0.011805
0.011802
0.011802
0.011801
0.011801
0.011793
0.011793
0.011790
0.011784
0.011768
0.011766
0.011762
0.011759
0.011757
0.011757
0.011753
0.011739
0.011734
0.011733
0.011724
0.011724
0.011721
0.011721
0.011706
0.011705
0.011696
0.011694
0.011688
0.011685
0.011685
0.011682
0.011682
0.011675
0.011670
0.011668
0.011668
0.011665
0.011663
0.011661
0.011659
0.011654
0.011650
0.011639
0.011633
0.011632
0.011630
0.011629
0.011615
0.011612
0.011610
0.011608
0.011606
0.011605
0.011604
0.011604
0.011601
0.011598
0.011598
0.011595
0.011594
0.011582
0.011582
0.011582
0.011575
0.011574
0.011574
0.011571
0.011571
0.011570
0.011568
0.011568
0.011561
0.011553
0.011550
0.011550
0.011548
0.011546
0.011538
0.011537
0.011533
0.011529
0.011519
0.011518
0.011518
0.011518
0.011517
0.011515
0.011515
0.011513
0.011509
0.011505
0.011503
0.011494
0.011493
0.011491
0.011489
0.011489
0.011481
0.011479
0.011478
0.011478
0.011475
0.011473
0.011466
0.011465
0.011463
0.011462
0.011458
0.011446
0.011445
0.011444
0.011444
0.011438
0.011435
0.011425
0.011423
0.011421
0.011420
0.011418
0.011413
0.011413
0.011410
0.011409
0.011408
0.011408
0.011395
0.011390
0.011388
0.011386
0.011382
0.011376
0.011375
0.011371
0.011371
0.011369
0.011368
0.011364
0.011344
0.011337
0.011335
0.011333
0.011326
0.011325
0.011315
0.011311
0.011308
0.011307
0.011304
0.011303
0.011303
0.011302
0.011298
0.011296
0.011293
0.011290
0.011289
0.011286
0.011286
0.011285
0.011284
0.011278
0.011276
0.011270
0.011268
0.011262
0.011242
0.011240
0.011234
0.011233
0.011230
0.011226
0.011224
0.011223
0.011223
0.011217
0.011217
0.011215
0.011207
0.011206
0.011204
0.011197
0.011195
0.011192
0.011186
0.011184
0.011182
0.011181
0.011168
0.011163
0.011163
0.011162
0.011154
0.011154
0.011148
0.011145
0.011144
0.011141
0.011133
0.011132
0.011132
0.011125
0.011124
0.011117
0.011117
0.011115
0.011114
0.011109
0.011108
0.011104
0.011098
0.011094
0.011093
0.011091
0.011090
0.011090
0.011088
0.011086
0.011077
0.011077
0.011075
0.011075
0.011074
0.011073
0.011072
0.011070
0.011069
0.011066
0.011066
0.011058
0.011057
0.011056
0.011055
0.011053
0.011052
0.011050
0.011049
0.011047
0.011037
0.011035
0.011028
0.011028
0.011024
0.011023
0.011020
0.011019
0.011018
0.011016
0.011013
0.011012
0.011008
0.011008
0.010994
0.010987
0.010987
0.010983
0.010982
0.010982
0.010973
0.010971
0.010965
0.010960
0.010959
0.010955
0.010950
0.010944
0.010942
0.010941
0.010939
0.010936
0.010935
0.010932
0.010932
0.010921
0.010918
0.010916
0.010911
0.010910
0.010909
0.010900
0.010897
0.010895
0.010892
0.010891
0.010891
0.010878
0.010877
0.010876
0.010873
0.010872
0.010865
0.010856
0.010855
0.010850
0.010843
0.010843
0.010840
0.010834
0.010832
0.010830
0.010822
0.010819
0.010814
0.010813
0.010805
0.010786
0.010786
0.010778
0.010776
0.010770
0.010760
0.010753
0.010750
0.010744
0.010731
0.010730
0.010725
0.010723
0.010722
0.010722
0.010722
0.010720
0.010718
0.010712
0.010710
0.010702
0.010701
0.010696
0.010695
0.010685
0.010685
0.010684
0.010678
0.010676
0.010676
0.010673
0.010671
0.010671
0.010668
0.010662
0.010658
0.010654
0.010654
0.010653
0.010649
0.010648
0.010648
0.010647
0.010644
0.010642
0.010633
0.010633
0.010632
0.010630
0.010628
0.010628
0.010624
0.010619
0.010617
0.010617
0.010613
0.010610
0.010607
0.010606
0.010605
0.010600
0.010588
0.010584
0.010581
0.010580
0.010576
0.010571
0.010567
0.010565
0.010561
0.010560
0.010559
0.010559
0.010551
0.010548
0.010544
0.010543
0.010542
0.010539
0.010537
0.010537
0.010532
0.010532
0.010530
0.010528
0.010527
0.010526
0.010526
0.010522
0.010518
0.010517
0.010516
0.010515
0.010510
0.010507
0.010503
0.010500
0.010497
0.010494
0.010489
0.010487
0.010480
0.010480
0.010476
0.010466
0.010466
0.010459
0.010450
0.010439
0.010432
0.010431
0.010423
0.010421
0.010421
0.010421
0.010414
0.010409
0.010407
0.010403
0.010403
0.010398
0.010398
0.010397
0.010395
0.010389
0.010382
0.010380
0.010378
0.010377
0.010373
0.010369
0.010366
0.010364
0.010359
0.010346
0.010345
0.010345
0.010345
0.010342
0.010336
0.010334
0.010332
0.010323
0.010321
0.010320
0.010319
0.010315
0.010313
0.010309
0.010303
0.010294
0.010287
0.010285
0.010283
0.010282
0.010280
0.010262
0.010260
0.010258
0.010257
0.010251
0.010248
0.010247
0.010246
0.010242
0.010239
0.010237
0.010233
0.010230
0.010217
0.010217
0.010212
0.010198
0.010196
0.010194
0.010194
0.010187
0.010186
0.010179
0.010177
0.010176
0.010170
0.010167
0.010166
0.010164
0.010162
0.010157
0.010155
0.010149
0.010149
0.010147
0.010143
0.010141
0.010138
0.010132
0.010130
0.010127
0.010125
0.010123
0.010123
0.010121
0.010121
0.010120
0.010117
0.010111
0.010105
0.010105
0.010105
0.010097
0.010094
0.010093
0.010090
0.010089
0.010080
0.010077
0.010077
0.010075
0.010074
0.010072
0.010070
0.010065
0.010050
0.010046
0.010041
0.010041
0.010040
0.010040
0.010032
0.010031
0.010031
0.010028
0.010028
0.010026
0.010019
0.010018
0.010013
0.010012
0.010007
0.009993
0.009988
0.009987
0.009983
0.009982
0.009974
0.009970
0.009969
0.009968
0.009961
0.009960
0.009953
0.009951
0.009946
0.009937
0.009933
0.009932
0.009930
0.009929
0.009929
0.009927
0.009924
0.009922
0.009922
0.009919
0.009909
0.009905
0.009905
0.009897
0.009897
0.009895
0.009893
0.009893
0.009893
0.009889
0.009888
0.009886
0.009885
0.009883
0.009882
0.009870
0.009870
0.009863
0.009858
0.009856
0.009855
0.009848
0.009844
0.009836
0.009829
0.009826
0.009824
0.009817
0.009816
0.009816
0.009812
0.009807
0.009805
0.009804
0.009790
0.009789
0.009786
0.009785
0.009784
0.009781
0.009781
0.009774
0.009773
0.009772
0.009772
0.009770
0.009769
0.009759
0.009754
0.009744
0.009743
0.009741
0.009738
0.009733
0.009731
0.009730
0.009725
0.009725
0.009723
0.009702
0.009702
0.009691
0.009687
0.009685
0.009684
0.009676
0.009674
0.009672
0.009664
0.009656
0.009650
0.009643
0.009643
0.009642
0.009640
0.009636
0.009636
0.009624
0.009621
0.009616
0.009609
0.009609
0.009606
0.009603
0.009598
0.009597
0.009597
0.009593
0.009591
0.009587
0.009586
0.009584
0.009583
0.009582
0.009580
0.009578
0.009577
0.009574
0.009560
0.009557
0.009553
0.009551
0.009550
0.009545
0.009540
0.009537
0.009535
0.009534
0.009525
0.009522
0.009521
0.009518
0.009514
0.009511
0.009508
0.009506
0.009504
0.009503
0.009502
0.009486
0.009483
0.009478
0.009476
0.009466
0.009459
0.009456
0.009456
0.009454
0.009446
0.009446
0.009445
0.009443
0.009443
0.009442
0.009440
0.009432
0.009432
0.009431
0.009431
0.009425
0.009423
0.009422
0.009409
0.009409
0.009407
0.009406
0.009406
0.009405
0.009402
0.009401
0.009395
0.009388
0.009385
0.009384
0.009383
0.009383
0.009382
0.009376
0.009371
0.009370
0.009369
0.009364
0.009362
0.009361
0.009350
0.009343
0.009343
0.009337
0.009331
0.009329
0.009327
0.009326
0.009321
0.009318
0.009315
0.009310
0.009307
0.009304
0.009302
0.009300
0.009298
0.009293
0.009287
0.009286
0.009284
0.009283
0.009283
0.009282
0.009277
0.009273
0.009266
0.009259
0.009258
0.009256
0.009251
0.009250
0.009250
0.009245
0.009245
0.009234
0.009234
0.009234
0.009228
0.009225
0.009225
0.009224
0.009223
0.009219
0.009218
0.009213
0.009211
0.009209
0.009208
0.009208
0.009207
0.009203
0.009202
0.009195
0.009195
0.009195
0.009193
0.009192
0.009192
0.009191
0.009188
0.009186
0.009183
0.009180
0.009176
0.009163
0.009158
0.009156
0.009154
0.009144
0.009140
0.009140
0.009136
0.009136
0.009135
0.009135
0.009131
0.009128
0.009127
0.009125
0.009121
0.009121
0.009105
0.009103
0.009101
0.009092
0.009091
0.009089
0.009081
0.009080
0.009062
0.009061
0.009060
0.009051
0.009044
0.009029
0.009025
0.009024
0.009023
0.009012
0.009001
0.008996
0.008994
0.008994
0.008991
0.008990
0.008988
0.008988
0.008986
0.008985
0.008981
0.008978
0.008976
0.008976
0.008976
0.008968
0.008963
0.008955
0.008953
0.008953
0.008938
0.008932
0.008931
0.008931
0.008931
0.008929
0.008920
0.008919
0.008914
0.008912
0.008909
0.008907
0.008902
0.008901
0.008899
0.008897
0.008892
0.008889
0.008864
0.008848
0.008845
0.008845
0.008825
0.008824
0.008823
0.008816
0.008815
0.008810
0.008809
0.008806
0.008802
0.008798
0.008796
0.008795
0.008793
0.008791
0.008789
0.008781
0.008767
0.008759
0.008755
0.008751
0.008746
0.008744
0.008743
0.008737
0.008735
0.008735
0.008735
0.008732
0.008726
0.008715
0.008714
0.008711
0.008700
0.008697
0.008697
0.008697
0.008695
0.008694
0.008693
0.008689
0.008686
0.008685
0.008684
0.008681
0.008681
0.008674
0.008674
0.008674
0.008668
0.008666
0.008665
0.008661
0.008652
0.008650
0.008647
0.008644
0.008639
0.008637
0.008634
0.008632
0.008631
0.008625
0.008624
0.008623
0.008622
0.008620
0.008617
0.008613
0.008607
0.008604
0.008594
0.008585
0.008583
0.008582
0.008578
0.008577
0.008576
0.008575
0.008574
0.008573
0.008570
0.008567
0.008565
0.008562
0.008558
0.008552
0.008549
0.008549
0.008541
0.008538
0.008534
0.008533
0.008530
0.008529
0.008528
0.008526
0.008520
0.008519
0.008517
0.008513
0.008511
0.008510
0.008506
0.008504
0.008504
0.008503
0.008503
0.008495
0.008495
0.008494
0.008492
0.008491
0.008491
0.008485
0.008483
0.008483
0.008480
0.008475
0.008472
0.008471
0.008471
0.008471
0.008469
0.008467
0.008466
0.008463
0.008459
0.008456
0.008456
0.008448
0.008443
0.008439
0.008435
0.008433
0.008433
0.008430
0.008429
0.008427
0.008426
0.008423
0.008423
0.008417
0.008414
0.008410
0.008409
0.008405
0.008403
0.008401
0.008393
0.008392
0.008384
0.008382
0.008382
0.008379
0.008376
0.008371
0.008369
0.008363
0.008352
0.008350
0.008348
0.008348
0.008344
0.008329
0.008326
0.008326
0.008324
0.008317
0.008316
0.008314
0.008308
0.008307
0.008303
0.008301
0.008300
0.008299
0.008295
0.008292
0.008284
0.008282
0.008276
0.008274
0.008272
0.008271
0.008265
0.008265
0.008262
0.008258
0.008253
0.008252
0.008251
0.008250
0.008247
0.008242
0.008240
0.008235
0.008234
0.008233
0.008232
0.008220
0.008217
0.008216
0.008212
0.008212
0.008210
0.008209
0.008206
0.008199
0.008196
0.008190
0.008186
0.008182
0.008182
0.008167
0.008167
0.008159
0.008158
0.008152
0.008150
0.008147
0.008146
0.008139
0.008139
0.008138
0.008134
0.008134
0.008133
0.008128
0.008124
0.008119
0.008116
0.008110
0.008094
0.008085
0.008081
0.008077
0.008076
0.008076
0.008071
0.008065
0.008063
0.008061
0.008060
0.008057
0.008040
0.008035
0.008032
0.008032
0.008032
0.008022
0.008022
0.008021
0.008019
0.008019
0.008018
0.008017
0.008017
0.008016
0.008014
0.008011
0.008010
0.008009
0.008006
0.007980
0.007979
0.007977
0.007974
0.007973
0.007971
0.007965
0.007951
0.007942
0.007940
0.007940
0.007937
0.007934
0.007929
0.007924
0.007924
0.007918
0.007917
0.007909
0.007905
0.007903
0.007902
0.007897
0.007895
0.007891
0.007889
0.007882
0.007877
0.007876
0.007874
0.007864
0.007860
0.007860
0.007856
0.007838
0.007835
0.007834
0.007834
0.007833
0.007831
0.007829
0.007826
0.007825
0.007820
0.007817
0.007814
0.007808
0.007806
0.007798
0.007783
0.007782
0.007780
0.007775
0.007771
0.007770
0.007754
0.007751
0.007748
0.007746
0.007739
0.007737
0.007737
0.007736
0.007736
0.007733
0.007724
0.007722
0.007714
0.007713
0.007710
0.007705
0.007705
0.007703
0.007693
0.007693
0.007692
0.007681
0.007680
0.007676
0.007674
0.007674
0.007674
0.007669
0.007669
0.007668
0.007665
0.007665
0.007661
0.007652
0.007645
0.007640
0.007637
0.007625
0.007619
0.007618
0.007615
0.007615
0.007609
0.007605
0.007605
0.007589
0.007586
0.007571
0.007570
0.007568
0.007564
0.007560
0.007547
0.007543
0.007538
0.007537
0.007536
0.007531
0.007528
0.007521
0.007520
0.007514
0.007502
0.007499
0.007497
0.007487
0.007486
0.007484
0.007482
0.007478
0.007477
0.007477
0.007476
0.007465
0.007465
0.007462
0.007461
0.007460
0.007458
0.007457
0.007452
0.007450
0.007450
0.007446
0.007441
0.007440
0.007439
0.007424
0.007409
0.007409
0.007401
0.007400
0.007398
0.007396
0.007392
0.007384
0.007383
0.007381
0.007376
0.007372
0.007372
0.007370
0.007365
0.007365
0.007362
0.007356
0.007352
0.007351
0.007350
0.007345
0.007345
0.007344
0.007334
0.007330
0.007330
0.007327
0.007320
0.007316
0.007314
0.007307
0.007304
0.007303
0.007302
0.007299
0.007297
0.007295
0.007289
0.007287
0.007279
0.007275
0.007272
0.007264
0.007264
0.007262
0.007258
0.007252
0.007250
0.007250
0.007241
0.007235
0.007232
0.007222
0.007212
0.007200
0.007199
0.007198
0.007198
0.007194
0.007191
0.007191
0.007188
0.007185
0.007179
0.007176
0.007171
0.007170
0.007164
0.007162
0.007156
0.007152
0.007152
0.007150
0.007146
0.007143
0.007139
0.007137
0.007135
0.007131
0.007128
0.007127
0.007127
0.007126
0.007122
0.007115
0.007107
0.007107
0.007107
0.007104
0.007098
0.007097
0.007089
0.007080
0.007077
0.007076
0.007075
0.007069
0.007067
0.007066
0.007056
0.007054
0.007053
0.007049
0.007048
0.007042
0.007042
0.007028
0.007022
0.007021
0.007020
0.007017
0.007016
0.007015
0.007009
0.007008
0.007004
0.007004
0.007003
0.006998
0.006997
0.006985
0.006981
0.006976
0.006961
0.006955
0.006952
0.006951
0.006941
0.006938
0.006937
0.006929
0.006924
0.006913
0.006910
0.006907
0.006899
0.006896
0.006894
0.006892
0.006892
0.006886
0.006886
0.006882
0.006879
0.006875
0.006873
0.006873
0.006869
0.006867
0.006866
0.006859
0.006859
0.006858
0.006849
0.006848
0.006843
0.006843
0.006843
0.006840
0.006833
0.006821
0.006820
0.006819
0.006817
0.006815
0.006813
0.006813
0.006811
0.006804
0.006804
0.006803
0.006799
0.006799
0.006797
0.006796
0.006793
0.006792
0.006789
0.006789
0.006784
0.006783
0.006782
0.006778
0.006775
0.006767
0.006765
0.006760
0.006751
0.006750
0.006746
0.006742
0.006717
0.006716
0.006711
0.006700
0.006696
0.006695
0.006684
0.006684
0.006670
0.006669
0.006657
0.006655
0.006647
0.006641
0.006641
0.006638
0.006637
0.006630
0.006615
0.006614
0.006605
0.006598
0.006596
0.006595
0.006593
0.006592
0.006584
0.006581
0.006580
0.006576
0.006561
0.006559
0.006556
0.006556
0.006553
0.006547
0.006546
0.006545
0.006544
0.006544
0.006537
0.006531
0.006528
0.006526
0.006525
0.006524
0.006520
0.006517
0.006516
0.006515
0.006515
0.006504
0.006503
0.006501
0.006497
0.006495
0.006495
0.006487
0.006481
0.006477
0.006467
0.006465
0.006464
0.006458
0.006457
0.006456
0.006455
0.006442
0.006442
0.006441
0.006434
0.006431
0.006423
0.006422
0.006420
0.006420
0.006417
0.006416
0.006414
0.006414
0.006411
0.006403
0.006401
0.006400
0.006400
0.006398
0.006398
0.006393
0.006388
0.006387
0.006382
0.006382
0.006378
0.006377
0.006375
0.006373
0.006368
0.006359
0.006359
0.006357
0.006356
0.006342
0.006334
0.006334
0.006333
0.006319
0.006317
0.006314
0.006313
0.006303
0.006302
0.006294
0.006293
0.006290
0.006290
0.006287
0.006286
0.006284
0.006283
0.006282
0.006272
0.006262
0.006262
0.006257
0.006257
0.006253
0.006251
0.006248
0.006242
0.006241
0.006240
0.006231
0.006231
0.006230
0.006224
0.006219
0.006210
0.006210
0.006208
0.006207
0.006207
0.006206
0.006206
0.006204
0.006201
0.006199
0.006195
0.006195
0.006194
0.006193
0.006192
0.006191
0.006189
0.006188
0.006186
0.006183
0.006177
0.006174
0.006167
0.006166
0.006165
0.006163
0.006153
0.006145
0.006143
0.006141
0.006140
0.006139
0.006135
0.006129
0.006129
0.006123
0.006121
0.006121
0.006116
0.006115
0.006111
0.006103
0.006102
0.006100
0.006093
0.006092
0.006091
0.006088
0.006087
0.006087
0.006084
0.006081
0.006080
0.006080
0.006074
0.006074
0.006071
0.006071
0.006070
0.006067
0.006059
0.006057
0.006057
0.006050
0.006044
0.006043
0.006035
0.006033
0.006032
0.006030
0.006029
0.006025
0.006016
0.006015
0.006014
0.006013
0.006007
0.006004
0.006003
0.005991
0.005988
0.005987
0.005984
0.005977
0.005974
0.005971
0.005971
0.005970
0.005965
0.005964
0.005962
0.005960
0.005949
0.005948
0.005947
0.005946
0.005942
0.005935
0.005932
0.005931
0.005923
0.005920
0.005919
0.005917
0.005908
0.005907
0.005903
0.005895
0.005892
0.005876
0.005864
0.005864
0.005852
0.005843
0.005840
0.005833
0.005825
0.005819
0.005816
0.005814
0.005809
0.005808
0.005805
0.005803
0.005800
0.005795
0.005795
0.005789
0.005789
0.005788
0.005786
0.005777
0.005776
0.005776
0.005770
0.005768
0.005767
0.005763
0.005762
0.005762
0.005759
0.005756
0.005750
0.005739
0.005737
0.005724
0.005712
0.005712
0.005712
0.005709
0.005703
0.005699
0.005690
0.005689
0.005687
0.005682
0.005682
0.005673
0.005670
0.005664
0.005662
0.005662
0.005654
0.005652
0.005647
0.005644
0.005640
0.005637
0.005637
0.005636
0.005633
0.005630
0.005629
0.005629
0.005626
0.005625
0.005620
0.005620
0.005612
0.005606
0.005597
0.005596
0.005595
0.005579
0.005575
0.005567
0.005567
0.005566
0.005560
0.005557
0.005556
0.005549
0.005547
0.005542
0.005541
0.005540
0.005534
0.005531
0.005528
0.005522
0.005511
0.005510
0.005508
0.005508
0.005504
0.005504
0.005503
0.005503
0.005501
0.005499
0.005498
0.005496
0.005492
0.005488
0.005487
0.005485
0.005485
0.005483
0.005477
0.005477
0.005476
0.005473
0.005472
0.005470
0.005459
0.005455
0.005455
0.005455
0.005451
0.005450
0.005445
0.005431
0.005430
0.005430
0.005426
0.005425
0.005421
0.005418
0.005413
0.005412
0.005412
0.005411
0.005407
0.005406
0.005402
0.005397
0.005392
0.005391
0.005391
0.005389
0.005386
0.005385
0.005384
0.005378
0.005375
0.005373
0.005371
0.005364
0.005364
0.005364
0.005360
0.005357
0.005356
0.005355
0.005355
0.005354
0.005353
0.005352
0.005351
0.005350
0.005350
0.005349
0.005342
0.005340
0.005335
0.005335
0.005330
0.005325
0.005324
0.005318
0.005314
0.005311
0.005308
0.005304
0.005301
0.005301
0.005292
0.005292
0.005291
0.005291
0.005290
0.005290
0.005288
0.005283
0.005276
0.005275
0.005273
0.005273
0.005268
0.005265
0.005264
0.005257
0.005257
0.005254
0.005253
0.005252
0.005250
0.005249
0.005247
0.005244
0.005243
0.005231
0.005228
0.005227
0.005222
0.005218
0.005210
0.005208
0.005206
0.005206
0.005203
0.005202
0.005197
0.005197
0.005195
0.005194
0.005193
0.005188
0.005183
0.005176
0.005175
0.005170
0.005164
0.005161
0.005160
0.005158
0.005154
0.005147
0.005145
0.005139
0.005128
0.005122
0.005118
0.005116
0.005110
0.005098
0.005097
0.005095
0.005095
0.005089
0.005088
0.005082
0.005080
0.005076
0.005075
0.005072
0.005068
0.005063
0.005063
0.005063
0.005062
0.005062
0.005056
0.005053
0.005051
0.005044
0.005044
0.005039
0.005039
0.005035
0.005033
0.005028
0.005025
0.005022
0.005019
0.005016
0.005012
0.005002
0.004996
0.004992
0.004988
0.004988
0.004983
0.004982
0.004981
0.004980
0.004977
0.004976
0.004975
0.004968
0.004967
0.004955
0.004954
0.004949
0.004948
0.004948
0.004942
0.004940
0.004932
0.004932
0.004930
0.004925
0.004924
0.004922
0.004920
0.004911
0.004909
0.004907
0.004905
0.004901
0.004893
0.004891
0.004888
0.004887
0.004886
0.004883
0.004880
0.004874
0.004870
0.004869
0.004851
0.004850
0.004847
0.004842
0.004841
0.004841
0.004840
0.004840
0.004838
0.004829
0.004827
0.004827
0.004824
0.004820
0.004817
0.004814
0.004807
0.004804
0.004796
0.004784
0.004780
0.004779
0.004778
0.004767
0.004766
0.004766
0.004754
0.004748
0.004745
0.004738
0.004737
0.004731
0.004729
0.004728
0.004728
0.004719
0.004715
0.004713
0.004711
0.004708
0.004707
0.004706
0.004703
0.004700
0.004691
0.004687
0.004686
0.004678
0.004676
0.004663
0.004661
0.004660
0.004660
0.004660
0.004659
0.004649
0.004648
0.004647
0.004646
0.004643
0.004640
0.004640
0.004639
0.004637
0.004633
0.004631
0.004630
0.004617
0.004616
0.004614
0.004609
0.004605
0.004603
0.004603
0.004591
0.004590
0.004585
0.004584
0.004583
0.004582
0.004580
0.004578
0.004578
0.004577
0.004576
0.004571
0.004571
0.004569
0.004568
0.004568
0.004559
0.004549
0.004544
0.004543
0.004540
0.004539
0.004537
0.004536
0.004536
0.004534
0.004527
0.004522
0.004519
0.004514
0.004513
0.004513
0.004511
0.004511
0.004507
0.004506
0.004506
0.004501
0.004500
0.004497
0.004495
0.004495
0.004484
0.004483
0.004481
0.004480
0.004479
0.004466
0.004460
0.004457
0.004453
0.004452
0.004436
0.004436
0.004435
0.004427
0.004427
0.004424
0.004422
0.004414
0.004410
0.004409
0.004407
0.004407
0.004403
0.004402
0.004395
0.004391
0.004387
0.004385
0.004384
0.004383
0.004382
0.004380
0.004366
0.004364
0.004360
0.004356
0.004354
0.004352
0.004352
0.004346
0.004337
0.004336
0.004330
0.004329
0.004327
0.004322
0.004321
0.004314
0.004311
0.004304
0.004297
0.004295
0.004292
0.004289
0.004288
0.004286
0.004285
0.004283
0.004279
0.004278
0.004278
0.004276
0.004268
0.004266
0.004261
0.004256
0.004255
0.004254
0.004251
0.004249
0.004239
0.004237
0.004229
0.004224
0.004222
0.004220
0.004217
0.004216
0.004215
0.004213
0.004212
0.004203
0.004201
0.004200
0.004193
0.004190
0.004189
0.004187
0.004187
0.004183
0.004182
0.004177
0.004176
0.004173
0.004161
0.004161
0.004160
0.004159
0.004158
0.004157
0.004157
0.004151
0.004150
0.004150
0.004145
0.004143
0.004137
0.004134
0.004126
0.004126
0.004124
0.004124
0.004121
0.004120
0.004117
0.004102
0.004098
0.004093
0.004092
0.004085
0.004077
0.004074
0.004061
0.004057
0.004049
0.004048
0.004045
0.004042
0.004038
0.004036
0.004035
0.004016
0.004014
0.004009
0.004008
0.004002
0.003987
0.003984
0.003980
0.003975
0.003973
0.003973
0.003973
0.003971
0.003969
0.003964
0.003959
0.003946
0.003936
0.003935
0.003933
0.003925
0.003925
0.003921
0.003920
0.003920
0.003919
0.003914
0.003909
0.003906
0.003903
0.003898
0.003894
0.003891
0.003890
0.003886
0.003885
0.003882
0.003880
0.003878
0.003875
0.003871
0.003868
0.003868
0.003848
0.003832
0.003825
0.003822
0.003818
0.003818
0.003816
0.003815
0.003813
0.003811
0.003808
0.003807
0.003804
0.003800
0.003795
0.003787
0.003784
0.003782
0.003781
0.003770
0.003770
0.003767
0.003760
0.003755
0.003751
0.003740
0.003739
0.003738
0.003738
0.003738
0.003738
0.003734
0.003734
0.003724
0.003724
0.003709
0.003709
0.003701
0.003700
0.003698
0.003696
0.003695
0.003692
0.003691
0.003690
0.003690
0.003683
0.003675
0.003673
0.003670
0.003669
0.003668
0.003668
0.003666
0.003654
0.003641
0.003632
0.003630
0.003628
0.003626
0.003624
0.003623
0.003623
0.003620
0.003613
0.003612
0.003611
0.003596
0.003594
0.003592
0.003583
0.003580
0.003579
0.003568
0.003564
0.003559
0.003559
0.003559
0.003552
0.003550
0.003545
0.003544
0.003544
0.003537
0.003531
0.003526
0.003526
0.003515
0.003514
0.003511
0.003509
0.003508
0.003506
0.003503
0.003495
0.003494
0.003489
0.003486
0.003483
0.003481
0.003477
0.003472
0.003471
0.003470
0.003467
0.003465
0.003460
0.003458
0.003457
0.003454
0.003447
0.003438
0.003438
0.003434
0.003434
0.003432
0.003432
0.003431
0.003422
0.003418
0.003414
0.003393
0.003388
0.003386
0.003372
0.003370
0.003370
0.003369
0.003366
0.003366
0.003366
0.003359
0.003357
0.003355
0.003351
0.003350
0.003350
0.003348
0.003345
0.003333
0.003331
0.003324
0.003323
0.003312
0.003301
0.003299
0.003296
0.003291
0.003274
0.003267
0.003261
0.003260
0.003258
0.003257
0.003256
0.003252
0.003249
0.003244
0.003241
0.003239
0.003239
0.003237
0.003236
0.003236
0.003235
0.003235
0.003235
0.003234
0.003230
0.003229
0.003228
0.003225
0.003221
0.003219
0.003216
0.003211
0.003210
0.003208
0.003197
0.003194
0.003190
0.003188
0.003187
0.003184
0.003183
0.003182
0.003179
0.003178
0.003174
0.003172
0.003168
0.003162
0.003160
0.003159
0.003155
0.003154
0.003148
0.003143
0.003135
0.003134
0.003134
0.003127
0.003125
0.003122
0.003121
0.003114
0.003114
0.003114
0.003110
0.003108
0.003106
0.003102
0.003090
0.003089
0.003086
0.003083
0.003077
0.003073
0.003069
0.003068
0.003066
0.003066
0.003065
0.003061
0.003061
0.003059
0.003049
0.003046
0.003041
0.003035
0.003031
0.003024
0.003019
0.003018
0.003018
0.003015
0.003004
0.002998
0.002995
0.002989
0.002987
0.002982
0.002979
0.002978
0.002972
0.002966
0.002965
0.002958
0.002953
0.002952
0.002947
0.002947
0.002942
0.002940
0.002940
0.002934
0.002926
0.002925
0.002924
0.002921
0.002921
0.002920
0.002920
0.002916
0.002913
0.002909
0.002908
0.002905
0.002904
0.002902
0.002901
0.002901
0.002899
0.002891
0.002891
0.002889
0.002888
0.002886
0.002882
0.002877
0.002877
0.002876
0.002875
0.002874
0.002872
0.002871
0.002870
0.002870
0.002867
0.002864
0.002864
0.002862
0.002862
0.002861
0.002860
0.002854
0.002854
0.002848
0.002844
0.002840
0.002836
0.002829
0.002828
0.002828
0.002825
0.002817
0.002815
0.002815
0.002810
0.002807
0.002800
0.002793
0.002792
0.002790
0.002776
0.002776
0.002770
0.002770
0.002767
0.002749
0.002747
0.002741
0.002733
0.002730
0.002729
0.002722
0.002718
0.002718
0.002713
0.002710
0.002698
0.002696
0.002695
0.002686
0.002683
0.002678
0.002678
0.002670
0.002669
0.002666
0.002664
0.002661
0.002656
0.002647
0.002646
0.002644
0.002633
0.002631
0.002625
0.002623
0.002620
0.002619
0.002617
0.002611
0.002603
0.002603
0.002599
0.002599
0.002592
0.002592
0.002584
0.002582
0.002576
0.002574
0.002570
0.002566
0.002565
0.002563
0.002562
0.002542
0.002540
0.002539
0.002538
0.002535
0.002530
0.002530
0.002527
0.002522
0.002517
0.002515
0.002515
0.002511
0.002510
0.002507
0.002505
0.002505
0.002503
0.002503
0.002501
0.002487
0.002487
0.002486
0.002484
0.002482
0.002482
0.002476
0.002473
0.002472
0.002468
0.002467
0.002459
0.002458
0.002457
0.002454
0.002450
0.002441
0.002440
0.002440
0.002433
0.002430
0.002419
0.002416
0.002409
0.002388
0.002378
0.002367
0.002367
0.002366
0.002358
0.002354
0.002344
0.002338
0.002336
0.002333
0.002323
0.002322
0.002320
0.002314
0.002313
0.002310
0.002308
0.002304
0.002304
0.002304
0.002303
0.002303
0.002301
0.002294
0.002294
0.002287
0.002286
0.002286
0.002276
0.002271
0.002268
0.002265
0.002264
0.002263
0.002262
0.002254
0.002233
0.002231
0.002225
0.002220
0.002218
0.002215
0.002214
0.002210
0.002208
0.002207
0.002205
0.002205
0.002194
0.002191
0.002189
0.002187
0.002186
0.002185
0.002185
0.002185
0.002178
0.002174
0.002169
0.002168
0.002165
0.002159
0.002157
0.002157
0.002149
0.002148
0.002147
0.002146
0.002145
0.002142
0.002142
0.002142
0.002132
0.002131
0.002126
0.002122
0.002120
0.002116
0.002110
0.002109
0.002109
0.002109
0.002102
0.002102
0.002100
0.002096
0.002093
0.002092
0.002090
0.002090
0.002089
0.002076
0.002076
0.002074
0.002071
0.002069
0.002067
0.002063
0.002061
0.002061
0.002055
0.002053
0.002052
0.002049
0.002047
0.002043
0.002037
0.002037
0.002034
0.002032
0.002018
0.002017
0.001991
0.001988
0.001987
0.001984
0.001983
0.001980
0.001978
0.001975
0.001971
0.001970
0.001969
0.001968
0.001962
0.001961
0.001958
0.001956
0.001929
0.001928
0.001928
0.001921
0.001920
0.001913
0.001910
0.001909
0.001901
0.001895
0.001890
0.001886
0.001886
0.001883
0.001880
0.001878
0.001877
0.001872
0.001866
0.001863
0.001848
0.001847
0.001838
0.001837
0.001836
0.001833
0.001831
0.001828
0.001821
0.001813
0.001812
0.001806
0.001792
0.001792
0.001792
0.001790
0.001787
0.001785
0.001779
0.001778
0.001775
0.001772
0.001768
0.001767
0.001765
0.001763
0.001763
0.001760
0.001757
0.001753
0.001751
0.001750
0.001749
0.001748
0.001745
0.001742
0.001735
0.001730
0.001725
0.001722
0.001721
0.001719
0.001717
0.001712
0.001711
0.001709
0.001707
0.001706
0.001706
0.001706
0.001699
0.001697
0.001695
0.001692
0.001683
0.001681
0.001677
0.001673
0.001671
0.001662
0.001660
0.001653
0.001648
0.001630
0.001627
0.001625
0.001624
0.001624
0.001624
0.001618
0.001610
0.001608
0.001605
0.001601
0.001600
0.001597
0.001596
0.001595
0.001595
0.001593
0.001593
0.001591
0.001588
0.001588
0.001588
0.001585
0.001582
0.001580
0.001576
0.001573
0.001570
0.001565
0.001564
0.001564
0.001561
0.001552
0.001546
0.001542
0.001539
0.001526
0.001520
0.001518
0.001516
0.001511
0.001504
0.001498
0.001491
0.001485
0.001483
0.001481
0.001477
0.001474
0.001467
0.001464
0.001459
0.001458
0.001447
0.001439
0.001439
0.001437
0.001434
0.001429
0.001424
0.001423
0.001422
0.001422
0.001415
0.001412
0.001406
0.001404
0.001403
0.001399
0.001398
0.001382
0.001382
0.001371
0.001368
0.001361
0.001360
0.001349
0.001344
0.001342
0.001335
0.001326
0.001324
0.001323
0.001322
0.001319
0.001317
0.001312
0.001290
0.001278
0.001274
0.001271
0.001268
0.001267
0.001266
0.001264
0.001264
0.001261
0.001261
0.001260
0.001259
0.001258
0.001257
0.001253
0.001252
0.001246
0.001241
0.001236
0.001231
0.001231
0.001215
0.001213
0.001206
0.001203
0.001196
0.001194
0.001181
0.001178
0.001177
0.001171
0.001170
0.001167
0.001167
0.001166
0.001165
0.001156
0.001155
0.001153
0.001152
0.001151
0.001149
0.001149
0.001148
0.001148
0.001145
0.001145
0.001142
0.001140
0.001140
0.001139
0.001139
0.001133
0.001131
0.001129
0.001128
0.001125
0.001124
0.001123
0.001119
0.001118
0.001114
0.001110
0.001103
0.001099
0.001075
0.001074
0.001064
0.001063
0.001055
0.001047
0.001043
0.001042
0.001035
0.001031
0.001028
0.001023
0.001022
0.001017
0.001007
0.001002
0.000990
0.000989
0.000989
0.000986
0.000986
0.000986
0.000981
0.000981
0.000977
0.000976
0.000973
0.000971
0.000970
0.000964
0.000961
0.000959
0.000952
0.000951
0.000949
0.000949
0.000946
0.000946
0.000944
0.000937
0.000930
0.000927
0.000925
0.000924
0.000916
0.000908
0.000905
0.000900
0.000896
0.000895
0.000894
0.000892
0.000890
0.000889
0.000885
0.000882
0.000882
0.000879
0.000875
0.000865
0.000864
0.000860
0.000857
0.000854
0.000854
0.000852
0.000848
0.000848
0.000847
0.000847
0.000843
0.000843
0.000831
0.000821
0.000820
0.000819
0.000818
0.000814
0.000802
0.000791
0.000787
0.000786
0.000781
0.000780
0.000774
0.000773
0.000773
0.000771
0.000762
0.000761
0.000761
0.000758
0.000758
0.000756
0.000756
0.000753
0.000752
0.000751
0.000743
0.000736
0.000730
0.000728
0.000727
0.000727
0.000724
0.000723
0.000723
0.000715
0.000712
0.000712
0.000709
0.000708
0.000706
0.000704
0.000690
0.000689
0.000687
0.000686
0.000678
0.000675
0.000670
0.000668
0.000667
0.000651
0.000651
0.000648
0.000644
0.000643
0.000642
0.000640
0.000633
0.000620
0.000618
0.000617
0.000610
0.000610
0.000609
0.000600
0.000599
0.000599
0.000596
0.000592
0.000591
0.000586
0.000584
0.000583
0.000583
0.000582
0.000581
0.000580
0.000577
0.000577
0.000576
0.000576
0.000568
0.000561
0.000557
0.000553
0.000550
0.000550
0.000543
0.000536
0.000533
0.000532
0.000527
0.000526
0.000524
0.000523
0.000515
0.000512
0.000509
0.000508
0.000505
0.000503
0.000502
0.000497
0.000496
0.000495
0.000489
0.000487
0.000485
0.000485
0.000481
0.000480
0.000479
0.000479
0.000478
0.000475
0.000462
0.000457
0.000456
0.000453
0.000452
0.000444
0.000430
0.000425
0.000425
0.000423
0.000414
0.000412
0.000402
0.000396
0.000391
0.000387
0.000381
0.000375
0.000375
0.000374
0.000372
0.000368
0.000365
0.000359
0.000358
0.000355
0.000354
0.000354
0.000350
0.000349
0.000349
0.000345
0.000342
0.000340
0.000339
0.000335
0.000329
0.000322
0.000319
0.000317
0.000315
0.000315
0.000312
0.000303
0.000298
0.000296
0.000291
0.000284
0.000276
0.000270
0.000266
0.000264
0.000260
0.000258
0.000251
0.000240
0.000233
0.000231
0.000229
0.000225
0.000224
0.000222
0.000220
0.000219
0.000205
0.000192
0.000180
0.000179
0.000178
0.000169
0.000164
0.000157
0.000157
0.000156
0.000154
0.000153
0.000151
0.000149
0.000148
0.000146
0.000139
0.000135
0.000134
0.000127
0.000125
0.000124
0.000123
0.000123
0.000122
0.000121
0.000119
0.000118
0.000118
0.000115
0.000114
0.000113
0.000107
0.000105
0.000104
0.000096
0.000093
0.000092
0.000087
0.000085
0.000082
0.000075
0.000073
0.000070
0.000069
0.000066
0.000065
0.000062
0.000060
0.000055
0.000045
0.000044
0.000028
0.000017
0.000013
0.000011
0.000008
-0.000001
-0.000001
-0.000005
-0.000014
-0.000014
-0.000015
-0.000016
-0.000022
-0.000027
-0.000030
-0.000030
-0.000030
-0.000031
-0.000034
-0.000055
-0.000057
-0.000059
-0.000069
-0.000072
-0.000073
-0.000074
-0.000076
-0.000078
-0.000080
-0.000081
-0.000083
-0.000085
-0.000087
-0.000087
-0.000090
-0.000090
-0.000092
-0.000105
-0.000116
-0.000119
-0.000125
-0.000131
-0.000132
-0.000134
-0.000140
-0.000143
-0.000144
-0.000145
-0.000146
-0.000152
-0.000154
-0.000156
-0.000169
-0.000171
-0.000172
-0.000173
-0.000175
-0.000176
-0.000179
-0.000183
-0.000194
-0.000197
-0.000200
-0.000200
-0.000200
-0.000202
-0.000202
-0.000204
-0.000206
-0.000207
-0.000211
-0.000219
-0.000224
-0.000227
-0.000228
-0.000229
-0.000230
-0.000240
-0.000248
-0.000252
-0.000254
-0.000256
-0.000258
-0.000260
-0.000262
-0.000268
-0.000270
-0.000272
-0.000282
-0.000283
-0.000285
-0.000287
-0.000293
-0.000298
-0.000299
-0.000308
-0.000314
-0.000316
-0.000317
-0.000319
-0.000319
-0.000328
-0.000332
-0.000334
-0.000347
-0.000348
-0.000350
-0.000352
-0.000354
-0.000355
-0.000356
-0.000358
-0.000366
-0.000370
-0.000371
-0.000373
-0.000373
-0.000375
-0.000375
-0.000378
-0.000392
-0.000392
-0.000393
-0.000398
-0.000416
-0.000416
-0.000420
-0.000421
-0.000432
-0.000435
-0.000436
-0.000439
-0.000440
-0.000452
-0.000455
-0.000459
-0.000470
-0.000473
-0.000486
-0.000491
-0.000496
-0.000499
-0.000507
-0.000509
-0.000510
-0.000514
-0.000516
-0.000517
-0.000519
-0.000528
-0.000531
-0.000533
-0.000535
-0.000539
-0.000541
-0.000545
-0.000545
-0.000555
-0.000560
-0.000562
-0.000573
-0.000585
-0.000585
-0.000588
-0.000592
-0.000594
-0.000600
-0.000602
-0.000603
-0.000607
-0.000607
-0.000608
-0.000613
-0.000618
-0.000633
-0.000634
-0.000641
-0.000645
-0.000650
-0.000652
-0.000656
-0.000656
-0.000656
-0.000658
-0.000659
-0.000663
-0.000663
-0.000664
-0.000667
-0.000669
-0.000672
-0.000680
-0.000681
-0.000686
-0.000686
-0.000688
-0.000691
-0.000695
-0.000696
-0.000700
-0.000701
-0.000704
-0.000705
-0.000705
-0.000707
-0.000723
-0.000725
-0.000725
-0.000726
-0.000733
-0.000743
-0.000747
-0.000749
-0.000750
-0.000760
-0.000766
-0.000767
-0.000767
-0.000772
-0.000783
-0.000783
-0.000788
-0.000794
-0.000794
-0.000795
-0.000796
-0.000798
-0.000802
-0.000804
-0.000804
-0.000816
-0.000818
-0.000821
-0.000822
-0.000825
-0.000825
-0.000830
-0.000831
-0.000838
-0.000843
-0.000845
-0.000846
-0.000847
-0.000848
-0.000849
-0.000849
-0.000855
-0.000864
-0.000865
-0.000871
-0.000872
-0.000873
-0.000874
-0.000877
-0.000878
-0.000890
-0.000893
-0.000894
-0.000895
-0.000895
-0.000895
-0.000897
-0.000898
-0.000899
-0.000901
-0.000906
-0.000916
-0.000916
-0.000918
-0.000928
-0.000933
-0.000934
-0.000934
-0.000936
-0.000936
-0.000936
-0.000937
-0.000939
-0.000950
-0.000951
-0.000963
-0.000971
-0.000973
-0.000974
-0.000977
-0.000978
-0.000985
-0.000991
-0.000996
-0.000996
-0.000997
-0.000999
-0.001004
-0.001010
-0.001011
-0.001017
-0.001018
-0.001020
-0.001025
-0.001027
-0.001028
-0.001030
-0.001035
-0.001036
-0.001038
-0.001038
-0.001044
-0.001045
-0.001049
-0.001056
-0.001058
-0.001060
-0.001062
-0.001068
-0.001076
-0.001077
-0.001081
-0.001082
-0.001085
-0.001086
-0.001097
-0.001103
-0.001103
-0.001105
-0.001109
-0.001112
-0.001113
-0.001114
-0.001116
-0.001120
-0.001123
-0.001124
-0.001125
-0.001127
-0.001127
-0.001129
-0.001135
-0.001146
-0.001148
-0.001150
-0.001153
-0.001155
-0.001156
-0.001158
-0.001160
-0.001160
-0.001161
-0.001165
-0.001173
-0.001177
-0.001181
-0.001186
-0.001193
-0.001193
-0.001193
-0.001197
-0.001204
-0.001206
-0.001210
-0.001213
-0.001220
-0.001221
-0.001222
-0.001228
-0.001233
-0.001237
-0.001238
-0.001238
-0.001239
-0.001241
-0.001245
-0.001250
-0.001254
-0.001266
-0.001274
-0.001279
-0.001280
-0.001291
-0.001293
-0.001295
-0.001296
-0.001297
-0.001297
-0.001302
-0.001302
-0.001315
-0.001316
-0.001318
-0.001322
-0.001325
-0.001336
-0.001338
-0.001338
-0.001365
-0.001366
-0.001366
-0.001367
-0.001368
-0.001373
-0.001373
-0.001374
-0.001374
-0.001378
-0.001379
-0.001379
-0.001382
-0.001385
-0.001391
-0.001395
-0.001396
-0.001401
-0.001406
-0.001415
-0.001416
-0.001416
-0.001418
-0.001418
-0.001420
-0.001420
-0.001421
-0.001422
-0.001427
-0.001427
-0.001429
-0.001429
-0.001435
-0.001437
-0.001444
-0.001444
-0.001448
-0.001449
-0.001451
-0.001453
-0.001453
-0.001461
-0.001463
-0.001464
-0.001466
-0.001470
-0.001475
-0.001477
-0.001478
-0.001480
-0.001481
-0.001483
-0.001485
-0.001487
-0.001493
-0.001494
-0.001497
-0.001501
-0.001505
-0.001509
-0.001515
-0.001516
-0.001522
-0.001522
-0.001526
-0.001527
-0.001528
-0.001529
-0.001532
-0.001536
-0.001537
-0.001537
-0.001538
-0.001541
-0.001542
-0.001546
-0.001550
-0.001551
-0.001553
-0.001556
-0.001556
-0.001558
-0.001558
-0.001558
-0.001559
-0.001559
-0.001560
-0.001567
-0.001567
-0.001570
-0.001579
-0.001586
-0.001590
-0.001592
-0.001595
-0.001604
-0.001614
-0.001617
-0.001624
-0.001633
-0.001636
-0.001638
-0.001647
-0.001647
-0.001648
-0.001653
-0.001658
-0.001658
-0.001661
-0.001666
-0.001666
-0.001668
-0.001668
-0.001671
-0.001674
-0.001691
-0.001696
-0.001697
-0.001697
-0.001698
-0.001698
-0.001698
-0.001702
-0.001716
-0.001719
-0.001720
-0.001721
-0.001722
-0.001722
-0.001725
-0.001725
-0.001727
-0.001729
-0.001734
-0.001741
-0.001742
-0.001743
-0.001745
-0.001745
-0.001746
-0.001747
-0.001753
-0.001754
-0.001760
-0.001761
-0.001767
-0.001768
-0.001770
-0.001771
-0.001776
-0.001777
-0.001782
-0.001782
-0.001788
-0.001790
-0.001791
-0.001791
-0.001795
-0.001803
-0.001808
-0.001809
-0.001810
-0.001810
-0.001822
-0.001824
-0.001826
-0.001827
-0.001835
-0.001839
-0.001841
-0.001849
-0.001858
-0.001866
-0.001869
-0.001872
-0.001873
-0.001880
-0.001880
-0.001885
-0.001889
-0.001891
-0.001894
-0.001898
-0.001901
-0.001908
-0.001909
-0.001910
-0.001911
-0.001913
-0.001914
-0.001914
-0.001915
-0.001917
-0.001928
-0.001932
-0.001938
-0.001941
-0.001943
-0.001944
-0.001956
-0.001957
-0.001961
-0.001961
-0.001961
-0.001974
-0.001975
-0.001975
-0.001975
-0.001978
-0.001978
-0.001986
-0.001990
-0.002007
-0.002018
-0.002024
-0.002027
-0.002028
-0.002028
-0.002034
-0.002036
-0.002041
-0.002042
-0.002043
-0.002045
-0.002045
-0.002048
-0.002056
-0.002063
-0.002065
-0.002066
-0.002082
-0.002083
-0.002086
-0.002090
-0.002091
-0.002092
-0.002092
-0.002095
-0.002096
-0.002109
-0.002110
-0.002111
-0.002115
-0.002118
-0.002126
-0.002134
-0.002137
-0.002145
-0.002157
-0.002158
-0.002159
-0.002161
-0.002164
-0.002166
-0.002169
-0.002176
-0.002176
-0.002180
-0.002182
-0.002184
-0.002189
-0.002193
-0.002203
-0.002206
-0.002211
-0.002215
-0.002216
-0.002221
-0.002230
-0.002232
-0.002234
-0.002234
-0.002237
-0.002251
-0.002259
-0.002261
-0.002267
-0.002267
-0.002272
-0.002275
-0.002289
-0.002290
-0.002293
-0.002298
-0.002309
-0.002312
-0.002317
-0.002325
-0.002329
-0.002330
-0.002336
-0.002336
-0.002338
-0.002341
-0.002341
-0.002342
-0.002343
-0.002344
-0.002346
-0.002348
-0.002349
-0.002358
-0.002358
-0.002359
-0.002361
-0.002370
-0.002397
-0.002398
-0.002399
-0.002409
-0.002413
-0.002415
-0.002415
-0.002416
-0.002419
-0.002421
-0.002427
-0.002428
-0.002429
-0.002430
-0.002431
-0.002433
-0.002434
-0.002435
-0.002435
-0.002441
-0.002444
-0.002444
-0.002451
-0.002452
-0.002455
-0.002462
-0.002462
-0.002463
-0.002464
-0.002465
-0.002467
-0.002469
-0.002482
-0.002482
-0.002483
-0.002487
-0.002489
-0.002493
-0.002493
-0.002498
-0.002502
-0.002509
-0.002514
-0.002520
-0.002520
-0.002523
-0.002524
-0.002528
-0.002530
-0.002534
-0.002540
-0.002540
-0.002541
-0.002544
-0.002554
-0.002555
-0.002556
-0.002557
-0.002567
-0.002569
-0.002570
-0.002570
-0.002577
-0.002578
-0.002579
-0.002580
-0.002586
-0.002603
-0.002603
-0.002605
-0.002613
-0.002616
-0.002621
-0.002622
-0.002625
-0.002635
-0.002636
-0.002636
-0.002637
-0.002641
-0.002646
-0.002647
-0.002651
-0.002653
-0.002660
-0.002665
-0.002665
-0.002670
-0.002675
-0.002682
-0.002683
-0.002686
-0.002696
-0.002697
-0.002697
-0.002705
-0.002707
-0.002709
-0.002710
-0.002722
-0.002725
-0.002727
-0.002739
-0.002761
-0.002763
-0.002763
-0.002764
-0.002766
-0.002768
-0.002772
-0.002776
-0.002779
-0.002780
-0.002781
-0.002784
-0.002784
-0.002785
-0.002796
-0.002797
-0.002798
-0.002801
-0.002806
-0.002808
-0.002816
-0.002817
-0.002821
-0.002824
-0.002826
-0.002830
-0.002831
-0.002837
-0.002844
-0.002844
-0.002846
-0.002849
-0.002850
-0.002852
-0.002860
-0.002866
-0.002867
-0.002868
-0.002868
-0.002871
-0.002894
-0.002896
-0.002897
-0.002905
-0.002905
-0.002906
-0.002910
-0.002912
-0.002914
-0.002916
-0.002919
-0.002923
-0.002929
-0.002938
-0.002945
-0.002948
-0.002949
-0.002953
-0.002964
-0.002964
-0.002965
-0.002966
-0.002974
-0.002980
-0.002981
-0.002981
-0.002981
-0.002983
-0.002986
-0.002987
-0.002988
-0.002988
-0.002990
-0.002996
-0.002999
-0.003000
-0.003004
-0.003006
-0.003012
-0.003013
-0.003013
-0.003014
-0.003014
-0.003019
-0.003022
-0.003024
-0.003026
-0.003027
-0.003030
-0.003033
-0.003037
-0.003041
-0.003053
-0.003054
-0.003059
-0.003062
-0.003067
-0.003071
-0.003073
-0.003075
-0.003081
-0.003081
-0.003085
-0.003085
-0.003086
-0.003086
-0.003088
-0.003090
-0.003092
-0.003099
-0.003117
-0.003119
-0.003121
-0.003123
-0.003126
-0.003127
-0.003128
-0.003131
-0.003137
-0.003137
-0.003137
-0.003139
-0.003140
-0.003141
-0.003142
-0.003152
-0.003153
-0.003165
-0.003167
-0.003174
-0.003176
-0.003177
-0.003182
-0.003182
-0.003183
-0.003185
-0.003188
-0.003194
-0.003200
-0.003200
-0.003200
-0.003201
-0.003207
-0.003207
-0.003209
-0.003211
-0.003213
-0.003214
-0.003220
-0.003222
-0.003224
-0.003231
-0.003233
-0.003235
-0.003236
-0.003236
-0.003236
-0.003239
-0.003241
-0.003241
-0.003242
-0.003249
-0.003250
-0.003255
-0.003255
-0.003260
-0.003269
-0.003274
-0.003275
-0.003281
-0.003281
-0.003289
-0.003290
-0.003295
-0.003299
-0.003313
-0.003314
-0.003314
-0.003315
-0.003322
-0.003323
-0.003327
-0.003334
-0.003338
-0.003340
-0.003349
-0.003350
-0.003350
-0.003352
-0.003355
-0.003356
-0.003358
-0.003359
-0.003367
-0.003374
-0.003375
-0.003381
-0.003383
-0.003384
-0.003386
-0.003387
-0.003390
-0.003393
-0.003394
-0.003394
-0.003394
-0.003400
-0.003402
-0.003408
-0.003408
-0.003409
-0.003413
-0.003420
-0.003423
-0.003423
-0.003431
-0.003435
-0.003444
-0.003445
-0.003452
-0.003465
-0.003466
-0.003469
-0.003471
-0.003473
-0.003475
-0.003476
-0.003487
-0.003489
-0.003508
-0.003510
-0.003512
-0.003513
-0.003516
-0.003517
-0.003521
-0.003524
-0.003524
-0.003532
-0.003534
-0.003544
-0.003550
-0.003554
-0.003557
-0.003566
-0.003576
-0.003577
-0.003579
-0.003581
-0.003586
-0.003590
-0.003593
-0.003597
-0.003597
-0.003600
-0.003604
-0.003616
-0.003621
-0.003623
-0.003624
-0.003625
-0.003631
-0.003633
-0.003637
-0.003639
-0.003641
-0.003642
-0.003642
-0.003663
-0.003666
-0.003670
-0.003672
-0.003675
-0.003680
-0.003683
-0.003685
-0.003689
-0.003694
-0.003704
-0.003706
-0.003710
-0.003712
-0.003751
-0.003759
-0.003764
-0.003765
-0.003775
-0.003779
-0.003786
-0.003787
-0.003790
-0.003793
-0.003798
-0.003798
-0.003802
-0.003802
-0.003803
-0.003804
-0.003805
-0.003808
-0.003810
-0.003818
-0.003824
-0.003825
-0.003826
-0.003826
-0.003827
-0.003827
-0.003829
-0.003830
-0.003835
-0.003848
-0.003851
-0.003859
-0.003861
-0.003871
-0.003873
-0.003875
-0.003879
-0.003883
-0.003885
-0.003885
-0.003886
-0.003888
-0.003893
-0.003895
-0.003897
-0.003907
-0.003908
-0.003909
-0.003916
-0.003916
-0.003918
-0.003919
-0.003933
-0.003933
-0.003943
-0.003943
-0.003948
-0.003950
-0.003953
-0.003954
-0.003954
-0.003959
-0.003959
-0.003959
-0.003961
-0.003965
-0.003968
-0.003968
-0.003969
-0.003973
-0.003976
-0.003981
-0.003981
-0.003984
-0.003993
-0.003995
-0.003996
-0.003999
-0.004001
-0.004001
-0.004003
-0.004003
-0.004005
-0.004009
-0.004011
-0.004016
-0.004021
-0.004023
-0.004024
-0.004026
-0.004027
-0.004034
-0.004037
-0.004043
-0.004046
-0.004047
-0.004051
-0.004059
-0.004064
-0.004070
-0.004074
-0.004075
-0.004087
-0.004091
-0.004092
-0.004093
-0.004094
-0.004100
-0.004104
-0.004115
-0.004119
-0.004123
-0.004123
-0.004130
-0.004133
-0.004134
-0.004135
-0.004135
-0.004136
-0.004139
-0.004146
-0.004153
-0.004157
-0.004159
-0.004160
-0.004162
-0.004162
-0.004165
-0.004167
-0.004168
-0.004172
-0.004173
-0.004176
-0.004177
-0.004178
-0.004181
-0.004182
-0.004184
-0.004185
-0.004190
-0.004198
-0.004200
-0.004205
-0.004212
-0.004229
-0.004230
-0.004234
-0.004234
-0.004237
-0.004243
-0.004252
-0.004254
-0.004255
-0.004257
-0.004259
-0.004260
-0.004264
-0.004270
-0.004274
-0.004276
-0.004277
-0.004278
-0.004278
-0.004278
-0.004283
-0.004288
-0.004295
-0.004303
-0.004305
-0.004316
-0.004319
-0.004322
-0.004323
-0.004325
-0.004330
-0.004332
-0.004336
-0.004337
-0.004339
-0.004342
-0.004342
-0.004346
-0.004347
-0.004353
-0.004353
-0.004359
-0.004360
-0.004361
-0.004367
-0.004367
-0.004368
-0.004370
-0.004372
-0.004375
-0.004377
-0.004379
-0.004383
-0.004385
-0.004386
-0.004390
-0.004396
-0.004407
-0.004411
-0.004411
-0.004411
-0.004414
-0.004420
-0.004421
-0.004425
-0.004425
-0.004431
-0.004433
-0.004441
-0.004442
-0.004443
-0.004444
-0.004444
-0.004444
-0.004448
-0.004450
-0.004457
-0.004459
-0.004461
-0.004462
-0.004467
-0.004472
-0.004473
-0.004476
-0.004482
-0.004482
-0.004486
-0.004487
-0.004491
-0.004492
-0.004503
-0.004505
-0.004506
-0.004508
-0.004508
-0.004513
-0.004516
-0.004516
-0.004524
-0.004525
-0.004530
-0.004532
-0.004535
-0.004541
-0.004541
-0.004548
-0.004551
-0.004552
-0.004553
-0.004557
-0.004563
-0.004565
-0.004567
-0.004569
-0.004570
-0.004574
-0.004576
-0.004576
-0.004577
-0.004588
-0.004591
-0.004593
-0.004601
-0.004601
-0.004603
-0.004607
-0.004608
-0.004614
-0.004618
-0.004621
-0.004622
-0.004626
-0.004626
-0.004629
-0.004629
-0.004631
-0.004632
-0.004633
-0.004640
-0.004641
-0.004641
-0.004643
-0.004644
-0.004644
-0.004648
-0.004649
-0.004651
-0.004661
-0.004664
-0.004669
-0.004672
-0.004672
-0.004688
-0.004693
-0.004695
-0.004695
-0.004696
-0.004697
-0.004701
-0.004702
-0.004702
-0.004708
-0.004710
-0.004715
-0.004717
-0.004725
-0.004725
-0.004725
-0.004730
-0.004731
-0.004731
-0.004732
-0.004733
-0.004738
-0.004740
-0.004741
-0.004744
-0.004745
-0.004753
-0.004754
-0.004757
-0.004759
-0.004760
-0.004769
-0.004780
-0.004783
-0.004793
-0.004794
-0.004801
-0.004802
-0.004803
-0.004805
-0.004808
-0.004811
-0.004813
-0.004813
-0.004814
-0.004815
-0.004822
-0.004822
-0.004823
-0.004824
-0.004825
-0.004829
-0.004833
-0.004834
-0.004835
-0.004837
-0.004838
-0.004840
-0.004840
-0.004843
-0.004846
-0.004846
-0.004857
-0.004857
-0.004859
-0.004863
-0.004866
-0.004870
-0.004871
-0.004873
-0.004875
-0.004875
-0.004881
-0.004884
-0.004887
-0.004888
-0.004888
-0.004891
-0.004893
-0.004901
-0.004903
-0.004903
-0.004904
-0.004905
-0.004910
-0.004913
-0.004915
-0.004915
-0.004925
-0.004927
-0.004931
-0.004932
-0.004939
-0.004940
-0.004943
-0.004946
-0.004947
-0.004949
-0.004953
-0.004954
-0.004957
-0.004969
-0.004970
-0.004974
-0.004981
-0.004986
-0.004988
-0.004991
-0.004996
-0.005001
-0.005007
-0.005009
-0.005013
-0.005013
-0.005029
-0.005035
-0.005035
-0.005043
-0.005046
-0.005049
-0.005057
-0.005064
-0.005073
-0.005074
-0.005074
-0.005083
-0.005086
-0.005086
-0.005095
-0.005099
-0.005103
-0.005109
-0.005111
-0.005120
-0.005127
-0.005130
-0.005135
-0.005138
-0.005141
-0.005152
-0.005165
-0.005168
-0.005177
-0.005182
-0.005188
-0.005192
-0.005199
-0.005200
-0.005200
-0.005220
-0.005221
-0.005228
-0.005234
-0.005237
-0.005237
-0.005240
-0.005244
-0.005247
-0.005247
-0.005257
-0.005259
-0.005259
-0.005260
-0.005260
-0.005260
-0.005265
-0.005268
-0.005270
-0.005271
-0.005272
-0.005274
-0.005275
-0.005279
-0.005280
-0.005282
-0.005288
-0.005293
-0.005296
-0.005302
-0.005305
-0.005308
-0.005312
-0.005319
-0.005324
-0.005341
-0.005344
-0.005346
-0.005348
-0.005355
-0.005355
-0.005357
-0.005365
-0.005366
-0.005370
-0.005373
-0.005374
-0.005376
-0.005378
-0.005379
-0.005388
-0.005388
-0.005392
-0.005392
-0.005393
-0.005394
-0.005395
-0.005399
-0.005404
-0.005406
-0.005409
-0.005412
-0.005416
-0.005421
-0.005422
-0.005422
-0.005425
-0.005426
-0.005428
-0.005435
-0.005435
-0.005440
-0.005448
-0.005450
-0.005455
-0.005457
-0.005457
-0.005457
-0.005461
-0.005463
-0.005464
-0.005464
-0.005465
-0.005470
-0.005472
-0.005480
-0.005484
-0.005499
-0.005499
-0.005501
-0.005504
-0.005505
-0.005508
-0.005520
-0.005521
-0.005523
-0.005523
-0.005524
-0.005536
-0.005542
-0.005545
-0.005548
-0.005549
-0.005551
-0.005553
-0.005556
-0.005558
-0.005565
-0.005570
-0.005572
-0.005573
-0.005576
-0.005582
-0.005583
-0.005583
-0.005585
-0.005591
-0.005594
-0.005598
-0.005601
-0.005603
-0.005604
-0.005616
-0.005617
-0.005620
-0.005620
-0.005622
-0.005623
-0.005628
-0.005630
-0.005632
-0.005634
-0.005638
-0.005644
-0.005651
-0.005660
-0.005662
-0.005666
-0.005677
-0.005682
-0.005685
-0.005688
-0.005688
-0.005688
-0.005689
-0.005689
-0.005690
-0.005691
-0.005691
-0.005699
-0.005703
-0.005706
-0.005706
-0.005715
-0.005718
-0.005728
-0.005728
-0.005732
-0.005735
-0.005737
-0.005743
-0.005746
-0.005747
-0.005750
-0.005752
-0.005753
-0.005754
-0.005759
-0.005759
-0.005769
-0.005770
-0.005775
-0.005782
-0.005785
-0.005787
-0.005787
-0.005794
-0.005795
-0.005799
-0.005803
-0.005808
-0.005809
-0.005810
-0.005812
-0.005813
-0.005821
-0.005821
-0.005828
-0.005831
-0.005848
-0.005851
-0.005853
-0.005865
-0.005867
-0.005871
-0.005873
-0.005887
-0.005887
-0.005890
-0.005895
-0.005897
-0.005899
-0.005899
-0.005900
-0.005912
-0.005913
-0.005923
-0.005924
-0.005930
-0.005932
-0.005934
-0.005939
-0.005942
-0.005944
-0.005946
-0.005949
-0.005951
-0.005952
-0.005953
-0.005955
-0.005960
-0.005963
-0.005963
-0.005964
-0.005965
-0.005970
-0.005971
-0.005975
-0.005976
-0.005983
-0.005985
-0.005989
-0.005992
-0.005994
-0.005995
-0.005995
-0.005997
-0.005998
-0.005999
-0.006003
-0.006009
-0.006009
-0.006014
-0.006015
-0.006017
-0.006023
-0.006023
-0.006026
-0.006034
-0.006036
-0.006036
-0.006036
-0.006046
-0.006048
-0.006050
-0.006051
-0.006052
-0.006054
-0.006055
-0.006057
-0.006059
-0.006071
-0.006072
-0.006072
-0.006074
-0.006075
-0.006084
-0.006091
-0.006091
-0.006091
-0.006092
-0.006103
-0.006106
-0.006109
-0.006111
-0.006114
-0.006123
-0.006123
-0.006126
-0.006129
-0.006133
-0.006136
-0.006137
-0.006137
-0.006139
-0.006139
-0.006140
-0.006141
-0.006144
-0.006146
-0.006157
-0.006157
-0.006163
-0.006167
-0.006171
-0.006172
-0.006172
-0.006176
-0.006187
-0.006191
-0.006191
-0.006196
-0.006208
-0.006212
-0.006214
-0.006215
-0.006221
-0.006226
-0.006235
-0.006238
-0.006239
-0.006239
-0.006240
-0.006245
-0.006248
-0.006248
-0.006256
-0.006259
-0.006263
-0.006271
-0.006286
-0.006295
-0.006297
-0.006302
-0.006302
-0.006313
-0.006313
-0.006317
-0.006322
-0.006330
-0.006334
-0.006338
-0.006340
-0.006340
-0.006341
-0.006350
-0.006353
-0.006355
-0.006356
-0.006361
-0.006369
-0.006371
-0.006373
-0.006373
-0.006373
-0.006381
-0.006386
-0.006389
-0.006390
-0.006398
-0.006398
-0.006399
-0.006407
-0.006415
-0.006417
-0.006423
-0.006428
-0.006428
-0.006428
-0.006429
-0.006432
-0.006436
-0.006439
-0.006442
-0.006451
-0.006452
-0.006455
-0.006461
-0.006487
-0.006498
-0.006501
-0.006504
-0.006506
-0.006509
-0.006512
-0.006513
-0.006513
-0.006519
-0.006524
-0.006526
-0.006533
-0.006534
-0.006535
-0.006539
-0.006539
-0.006545
-0.006546
-0.006547
-0.006548
-0.006549
-0.006549
-0.006550
-0.006552
-0.006561
-0.006570
-0.006571
-0.006573
-0.006574
-0.006574
-0.006576
-0.006581
-0.006581
-0.006582
-0.006586
-0.006588
-0.006592
-0.006597
-0.006605
-0.006606
-0.006606
-0.006612
-0.006613
-0.006614
-0.006615
-0.006617
-0.006622
-0.006630
-0.006635
-0.006647
-0.006648
-0.006652
-0.006664
-0.006666
-0.006666
-0.006673
-0.006673
-0.006680
-0.006682
-0.006685
-0.006688
-0.006691
-0.006699
-0.006700
-0.006701
-0.006706
-0.006711
-0.006714
-0.006718
-0.006723
-0.006724
-0.006728
-0.006730
-0.006738
-0.006747
-0.006747
-0.006748
-0.006752
-0.006761
-0.006768
-0.006769
-0.006773
-0.006776
-0.006784
-0.006784
-0.006787
-0.006788
-0.006792
-0.006797
-0.006799
-0.006801
-0.006802
-0.006805
-0.006809
-0.006813
-0.006820
-0.006825
-0.006828
-0.006830
-0.006834
-0.006837
-0.006841
-0.006842
-0.006848
-0.006851
-0.006868
-0.006872
-0.006877
-0.006879
-0.006883
-0.006890
-0.006903
-0.006909
-0.006915
-0.006916
-0.006923
-0.006924
-0.006926
-0.006927
-0.006929
-0.006932
-0.006933
-0.006938
-0.006941
-0.006941
-0.006946
-0.006950
-0.006952
-0.006954
-0.006956
-0.006959
-0.006960
-0.006961
-0.006964
-0.006975
-0.006981
-0.006981
-0.006985
-0.006989
-0.006993
-0.007006
-0.007013
-0.007013
-0.007015
-0.007029
-0.007043
-0.007051
-0.007052
-0.007053
-0.007063
-0.007065
-0.007069
-0.007075
-0.007078
-0.007082
-0.007093
-0.007095
-0.007096
-0.007100
-0.007101
-0.007105
-0.007106
-0.007118
-0.007120
-0.007125
-0.007127
-0.007129
-0.007136
-0.007143
-0.007144
-0.007144
-0.007153
-0.007155
-0.007162
-0.007163
-0.007163
-0.007168
-0.007168
-0.007169
-0.007173
-0.007174
-0.007175
-0.007177
-0.007179
-0.007179
-0.007180
-0.007181
-0.007182
-0.007183
-0.007191
-0.007195
-0.007198
-0.007198
-0.007200
-0.007206
-0.007210
-0.007214
-0.007214
-0.007219
-0.007219
-0.007222
-0.007223
-0.007226
-0.007227
-0.007229
-0.007230
-0.007230
-0.007236
-0.007237
-0.007239
-0.007241
-0.007244
-0.007246
-0.007246
-0.007255
-0.007257
-0.007266
-0.007267
-0.007270
-0.007276
-0.007278
-0.007291
-0.007293
-0.007309
-0.007320
-0.007320
-0.007327
-0.007328
-0.007332
-0.007332
-0.007333
-0.007336
-0.007342
-0.007347
-0.007352
-0.007354
-0.007357
-0.007358
-0.007364
-0.007364
-0.007370
-0.007371
-0.007373
-0.007375
-0.007375
-0.007392
-0.007397
-0.007397
-0.007403
-0.007406
-0.007406
-0.007407
-0.007412
-0.007419
-0.007424
-0.007426
-0.007428
-0.007429
-0.007435
-0.007436
-0.007437
-0.007448
-0.007464
-0.007466
-0.007466
-0.007469
-0.007470
-0.007472
-0.007473
-0.007475
-0.007475
-0.007479
-0.007482
-0.007485
-0.007489
-0.007491
-0.007495
-0.007496
-0.007499
-0.007500
-0.007510
-0.007512
-0.007521
-0.007528
-0.007529
-0.007529
-0.007529
-0.007530
-0.007541
-0.007546
-0.007550
-0.007550
-0.007551
-0.007551
-0.007565
-0.007568
-0.007569
-0.007576
-0.007576
-0.007581
-0.007581
-0.007587
-0.007590
-0.007594
-0.007596
-0.007598
-0.007602
-0.007614
-0.007615
-0.007618
-0.007625
-0.007628
-0.007629
-0.007632
-0.007632
-0.007638
-0.007642
-0.007643
-0.007645
-0.007647
-0.007648
-0.007649
-0.007651
-0.007653
-0.007658
-0.007658
-0.007666
-0.007669
-0.007670
-0.007672
-0.007681
-0.007683
-0.007691
-0.007694
-0.007695
-0.007698
-0.007703
-0.007705
-0.007712
-0.007712
-0.007723
-0.007726
-0.007729
-0.007730
-0.007730
-0.007734
-0.007741
-0.007743
-0.007749
-0.007749
-0.007752
-0.007756
-0.007756
-0.007760
-0.007761
-0.007761
-0.007764
-0.007767
-0.007767
-0.007769
-0.007771
-0.007772
-0.007777
-0.007778
-0.007780
-0.007781
-0.007796
-0.007808
-0.007809
-0.007810
-0.007811
-0.007811
-0.007813
-0.007814
-0.007814
-0.007817
-0.007819
-0.007824
-0.007825
-0.007826
-0.007827
-0.007831
-0.007835
-0.007836
-0.007839
-0.007839
-0.007840
-0.007843
-0.007843
-0.007850
-0.007852
-0.007857
-0.007858
-0.007862
-0.007862
-0.007862
-0.007863
-0.007865
-0.007866
-0.007867
-0.007869
-0.007869
-0.007870
-0.007870
-0.007871
-0.007871
-0.007871
-0.007882
-0.007891
-0.007894
-0.007914
-0.007915
-0.007920
-0.007922
-0.007925
-0.007930
-0.007931
-0.007931
-0.007932
-0.007932
-0.007933
-0.007934
-0.007936
-0.007937
-0.007938
-0.007938
-0.007939
-0.007939
-0.007947
-0.007949
-0.007949
-0.007951
-0.007951
-0.007952
-0.007955
-0.007959
-0.007968
-0.007971
-0.007972
-0.007978
-0.007980
-0.007982
-0.007992
-0.007995
-0.007997
-0.007998
-0.008001
-0.008001
-0.008007
-0.008016
-0.008018
-0.008024
-0.008035
-0.008046
-0.008050
-0.008053
-0.008054
-0.008058
-0.008063
-0.008067
-0.008076
-0.008077
-0.008078
-0.008079
-0.008080
-0.008081
-0.008088
-0.008090
-0.008092
-0.008094
-0.008097
-0.008099
-0.008101
-0.008101
-0.008102
-0.008103
-0.008107
-0.008110
-0.008110
-0.008113
-0.008113
-0.008117
-0.008119
-0.008119
-0.008125
-0.008125
-0.008129
-0.008132
-0.008134
-0.008136
-0.008136
-0.008137
-0.008138
-0.008140
-0.008140
-0.008145
-0.008148
-0.008155
-0.008159
-0.008168
-0.008170
-0.008174
-0.008177
-0.008179
-0.008185
-0.008187
-0.008188
-0.008190
-0.008198
-0.008200
-0.008202
-0.008204
-0.008205
-0.008217
-0.008218
-0.008219
-0.008222
-0.008229
-0.008232
-0.008239
-0.008240
-0.008242
-0.008247
-0.008249
-0.008255
-0.008258
-0.008261
-0.008261
-0.008266
-0.008268
-0.008268
-0.008273
-0.008274
-0.008282
-0.008283
-0.008283
-0.008290
-0.008295
-0.008300
-0.008307
-0.008315
-0.008318
-0.008320
-0.008320
-0.008320
-0.008325
-0.008331
-0.008339
-0.008342
-0.008343
-0.008348
-0.008349
-0.008351
-0.008354
-0.008354
-0.008356
-0.008358
-0.008359
-0.008367
-0.008371
-0.008376
-0.008382
-0.008383
-0.008383
-0.008386
-0.008387
-0.008393
-0.008395
-0.008395
-0.008398
-0.008400
-0.008407
-0.008408
-0.008409
-0.008414
-0.008416
-0.008416
-0.008423
-0.008428
-0.008428
-0.008438
-0.008442
-0.008450
-0.008451
-0.008459
-0.008463
-0.008466
-0.008467
-0.008470
-0.008473
-0.008480
-0.008481
-0.008490
-0.008497
-0.008503
-0.008511
-0.008518
-0.008519
-0.008525
-0.008530
-0.008536
-0.008542
-0.008550
-0.008551
-0.008556
-0.008558
-0.008559
-0.008571
-0.008577
-0.008591
-0.008593
-0.008595
-0.008603
-0.008604
-0.008609
-0.008611
-0.008613
-0.008615
-0.008618
-0.008620
-0.008630
-0.008634
-0.008636
-0.008640
-0.008644
-0.008651
-0.008653
-0.008653
-0.008655
-0.008658
-0.008661
-0.008662
-0.008663
-0.008663
-0.008664
-0.008664
-0.008664
-0.008665
-0.008665
-0.008667
-0.008669
-0.008672
-0.008673
-0.008679
-0.008683
-0.008686
-0.008688
-0.008689
-0.008693
-0.008695
-0.008695
-0.008696
-0.008697
-0.008700
-0.008701
-0.008704
-0.008705
-0.008707
-0.008712
-0.008726
-0.008728
-0.008730
-0.008732
-0.008734
-0.008736
-0.008741
-0.008742
-0.008742
-0.008745
-0.008747
-0.008750
-0.008751
-0.008760
-0.008763
-0.008765
-0.008767
-0.008783
-0.008786
-0.008787
-0.008789
-0.008789
-0.008792
-0.008797
-0.008797
-0.008797
-0.008802
-0.008804
-0.008807
-0.008809
-0.008812
-0.008812
-0.008816
-0.008819
-0.008820
-0.008822
-0.008831
-0.008831
-0.008833
-0.008833
-0.008834
-0.008842
-0.008843
-0.008844
-0.008853
-0.008855
-0.008862
-0.008867
-0.008869
-0.008870
-0.008870
-0.008872
-0.008876
-0.008876
-0.008877
-0.008877
-0.008878
-0.008886
-0.008887
-0.008891
-0.008892
-0.008898
-0.008902
-0.008902
-0.008911
-0.008911
-0.008912
-0.008913
-0.008920
-0.008920
-0.008925
-0.008936
-0.008937
-0.008938
-0.008943
-0.008961
-0.008963
-0.008965
-0.008978
-0.008979
-0.008983
-0.008985
-0.008987
-0.008994
-0.008994
-0.008996
-0.008997
-0.008997
-0.009000
-0.009002
-0.009002
-0.009003
-0.009006
-0.009019
-0.009025
-0.009025
-0.009028
-0.009031
-0.009040
-0.009042
-0.009043
-0.009049
-0.009049
-0.009054
-0.009056
-0.009062
-0.009068
-0.009070
-0.009076
-0.009086
-0.009089
-0.009090
-0.009091
-0.009092
-0.009093
-0.009110
-0.009113
-0.009126
-0.009137
-0.009139
-0.009144
-0.009146
-0.009149
-0.009151
-0.009156
-0.009160
-0.009167
-0.009176
-0.009179
-0.009194
-0.009211
-0.009217
-0.009218
-0.009220
-0.009222
-0.009233
-0.009234
-0.009237
-0.009251
-0.009256
-0.009257
-0.009259
-0.009263
-0.009267
-0.009268
-0.009268
-0.009270
-0.009272
-0.009272
-0.009273
-0.009273
-0.009278
-0.009278
-0.009282
-0.009286
-0.009288
-0.009289
-0.009291
-0.009293
-0.009299
-0.009299
-0.009309
-0.009312
-0.009322
-0.009339
-0.009342
-0.009343
-0.009344
-0.009344
-0.009344
-0.009346
-0.009347
-0.009351
-0.009359
-0.009365
-0.009367
-0.009379
-0.009379
-0.009381
-0.009381
-0.009390
-0.009391
-0.009392
-0.009397
-0.009409
-0.009415
-0.009416
-0.009425
-0.009425
-0.009425
-0.009430
-0.009433
-0.009436
-0.009438
-0.009440
-0.009441
-0.009445
-0.009446
-0.009447
-0.009449
-0.009453
-0.009455
-0.009457
-0.009457
-0.009461
-0.009462
-0.009465
-0.009468
-0.009471
-0.009472
-0.009483
-0.009483
-0.009486
-0.009487
-0.009488
-0.009489
-0.009493
-0.009497
-0.009510
-0.009511
-0.009517
-0.009518
-0.009521
-0.009522
-0.009529
-0.009532
-0.009533
-0.009534
-0.009538
-0.009542
-0.009543
-0.009544
-0.009545
-0.009554
-0.009554
-0.009555
-0.009560
-0.009562
-0.009568
-0.009570
-0.009570
-0.009571
-0.009574
-0.009580
-0.009582
-0.009589
-0.009594
-0.009595
-0.009597
-0.009599
-0.009601
-0.009604
-0.009605
-0.009605
-0.009607
-0.009609
-0.009617
-0.009626
-0.009626
-0.009631
-0.009631
-0.009634
-0.009636
-0.009644
-0.009645
-0.009647
-0.009648
-0.009651
-0.009654
-0.009654
-0.009656
-0.009658
-0.009661
-0.009667
-0.009676
-0.009678
-0.009679
-0.009680
-0.009683
-0.009695
-0.009695
-0.009699
-0.009702
-0.009702
-0.009708
-0.009717
-0.009719
-0.009719
-0.009720
-0.009724
-0.009725
-0.009727
-0.009729
-0.009736
-0.009739
-0.009739
-0.009741
-0.009746
-0.009747
-0.009750
-0.009758
-0.009759
-0.009760
-0.009761
-0.009767
-0.009779
-0.009782
-0.009785
-0.009795
-0.009798
-0.009799
-0.009804
-0.009807
-0.009823
-0.009823
-0.009831
-0.009836
-0.009846
-0.009852
-0.009857
-0.009862
-0.009862
-0.009875
-0.009881
-0.009881
-0.009882
-0.009885
-0.009893
-0.009896
-0.009900
-0.009903
-0.009907
-0.009914
-0.009926
-0.009927
-0.009927
-0.009928
-0.009935
-0.009944
-0.009953
-0.009958
-0.009959
-0.009959
-0.009964
-0.009975
-0.009979
-0.009980
-0.009989
-0.009990
-0.009994
-0.009995
-0.009996
-0.009998
-0.010000
-0.010002
-0.010002
-0.010009
-0.010010
-0.010010
-0.010014
-0.010016
-0.010017
-0.010018
-0.010018
-0.010021
-0.010024
-0.010026
-0.010028
-0.010031
-0.010039
-0.010052
-0.010054
-0.010056
-0.010059
-0.010063
-0.010065
-0.010068
-0.010074
-0.010075
-0.010079
-0.010079
-0.010080
-0.010082
-0.010092
-0.010094
-0.010100
-0.010106
-0.010109
-0.010117
-0.010119
-0.010120
-0.010125
-0.010126
-0.010131
-0.010132
-0.010136
-0.010143
-0.010145
-0.010165
-0.010165
-0.010167
-0.010169
-0.010171
-0.010172
-0.010186
-0.010188
-0.010192
-0.010199
-0.010201
-0.010206
-0.010209
-0.010210
-0.010213
-0.010228
-0.010230
-0.010236
-0.010247
-0.010250
-0.010254
-0.010257
-0.010263
-0.010266
-0.010269
-0.010270
-0.010273
-0.010276
-0.010278
-0.010284
-0.010286
-0.010308
-0.010311
-0.010313
-0.010317
-0.010318
-0.010319
-0.010321
-0.010328
-0.010328
-0.010339
-0.010342
-0.010357
-0.010358
-0.010358
-0.010360
-0.010369
-0.010372
-0.010380
-0.010382
-0.010387
-0.010389
-0.010390
-0.010396
-0.010397
-0.010398
-0.010399
-0.010403
-0.010414
-0.010414
-0.010415
-0.010416
-0.010419
-0.010421
-0.010429
-0.010445
-0.010453
-0.010455
-0.010455
-0.010455
-0.010457
-0.010463
-0.010464
-0.010469
-0.010475
-0.010477
-0.010477
-0.010484
-0.010486
-0.010486
-0.010487
-0.010488
-0.010495
-0.010496
-0.010496
-0.010502
-0.010513
-0.010516
-0.010518
-0.010518
-0.010521
-0.010522
-0.010529
-0.010546
-0.010549
-0.010551
-0.010553
-0.010555
-0.010558
-0.010562
-0.010563
-0.010568
-0.010575
-0.010579
-0.010579
-0.010584
-0.010584
-0.010586
-0.010588
-0.010591
-0.010593
-0.010595
-0.010597
-0.010598
-0.010601
-0.010609
-0.010611
-0.010611
-0.010612
-0.010616
-0.010618
-0.010620
-0.010622
-0.010623
-0.010631
-0.010632
-0.010633
-0.010633
-0.010640
-0.010640
-0.010648
-0.010648
-0.010648
-0.010650
-0.010652
-0.010657
-0.010658
-0.010659
-0.010673
-0.010674
-0.010681
-0.010689
-0.010692
-0.010698
-0.010703
-0.010705
-0.010706
-0.010707
-0.010709
-0.010709
-0.010722
-0.010724
-0.010724
-0.010737
-0.010740
-0.010741
-0.010746
-0.010748
-0.010748
-0.010749
-0.010750
-0.010751
-0.010753
-0.010756
-0.010762
-0.010762
-0.010764
-0.010766
-0.010768
-0.010771
-0.010773
-0.010775
-0.010779
-0.010782
-0.010790
-0.010791
-0.010799
-0.010799
-0.010804
-0.010806
-0.010806
-0.010806
-0.010808
-0.010814
-0.010820
-0.010826
-0.010826
-0.010827
-0.010828
-0.010834
-0.010842
-0.010843
-0.010844
-0.010845
-0.010846
-0.010852
-0.010855
-0.010856
-0.010860
-0.010861
-0.010861
-0.010861
-0.010863
-0.010865
-0.010866
-0.010867
-0.010869
-0.010873
-0.010876
-0.010877
-0.010900
-0.010905
-0.010915
-0.010917
-0.010918
-0.010925
-0.010929
-0.010932
-0.010934
-0.010940
-0.010941
-0.010951
-0.010952
-0.010952
-0.010953
-0.010955
-0.010957
-0.010960
-0.010960
-0.010962
-0.010964
-0.010966
-0.010968
-0.010969
-0.010974
-0.010976
-0.010980
-0.010981
-0.010983
-0.010984
-0.010984
-0.010985
-0.010985
-0.010989
-0.010991
-0.010992
-0.010997
-0.011001
-0.011002
-0.011004
-0.011007
-0.011009
-0.011016
-0.011038
-0.011039
-0.011039
-0.011045
-0.011045
-0.011052
-0.011052
-0.011055
-0.011058
-0.011060
-0.011063
-0.011064
-0.011064
-0.011066
-0.011067
-0.011067
-0.011067
-0.011069
-0.011072
-0.011073
-0.011078
-0.011080
-0.011081
-0.011082
-0.011085
-0.011087
-0.011088
-0.011090
-0.011093
-0.011096
-0.011096
-0.011096
-0.011101
-0.011115
-0.011116
-0.011118
-0.011119
-0.011121
-0.011125
-0.011125
-0.011127
-0.011129
-0.011129
-0.011129
-0.011129
-0.011133
-0.011135
-0.011137
-0.011140
-0.011144
-0.011146
-0.011152
-0.011155
-0.011157
-0.011157
-0.011158
-0.011161
-0.011162
-0.011163
-0.011163
-0.011170
-0.011182
-0.011183
-0.011184
-0.011186
-0.011188
-0.011201
-0.011207
-0.011211
-0.011212
-0.011214
-0.011216
-0.011217
-0.011217
-0.011222
-0.011224
-0.011228
-0.011230
-0.011233
-0.011234
-0.011235
-0.011236
-0.011236
-0.011236
-0.011241
-0.011245
-0.011248
-0.011253
-0.011255
-0.011256
-0.011258
-0.011258
-0.011263
-0.011268
-0.011271
-0.011273
-0.011277
-0.011283
-0.011286
-0.011292
-0.011293
-0.011293
-0.011298
-0.011298
-0.011305
-0.011306
-0.011315
-0.011319
-0.011319
-0.011320
-0.011327
-0.011330
-0.011334
-0.011339
-0.011343
-0.011353
-0.011358
-0.011358
-0.011363
-0.011364
-0.011366
-0.011372
-0.011389
-0.011391
-0.011391
-0.011400
-0.011402
-0.011416
-0.011419
-0.011422
-0.011430
-0.011433
-0.011434
-0.011435
-0.011443
-0.011443
-0.011448
-0.011449
-0.011453
-0.011454
-0.011458
-0.011459
-0.011463
-0.011463
-0.011471
-0.011471
-0.011477
-0.011484
-0.011484
-0.011484
-0.011485
-0.011487
-0.011490
-0.011492
-0.011493
-0.011495
-0.011498
-0.011500
-0.011504
-0.011507
-0.011516
-0.011521
-0.011525
-0.011528
-0.011530
-0.011531
-0.011533
-0.011534
-0.011534
-0.011541
-0.011542
-0.011543
-0.011544
-0.011544
-0.011547
-0.011547
-0.011548
-0.011549
-0.011555
-0.011558
-0.011562
-0.011567
-0.011572
-0.011576
-0.011578
-0.011581
-0.011589
-0.011589
-0.011589
-0.011592
-0.011597
-0.011603
-0.011605
-0.011611
-0.011616
-0.011617
-0.011628
-0.011629
-0.011632
-0.011635
-0.011645
-0.011652
-0.011656
-0.011662
-0.011664
-0.011665
-0.011668
-0.011673
-0.011675
-0.011686
-0.011687
-0.011691
-0.011691
-0.011695
-0.011716
-0.011717
-0.011718
-0.011723
-0.011724
-0.011725
-0.011726
-0.011729
-0.011730
-0.011735
-0.011738
-0.011741
-0.011742
-0.011748
-0.011749
-0.011751
-0.011756
-0.011756
-0.011757
-0.011768
-0.011772
-0.011775
-0.011776
-0.011779
-0.011780
-0.011781
-0.011784
-0.011786
-0.011787
-0.011790
-0.011791
-0.011793
-0.011798
-0.011801
-0.011813
-0.011813
-0.011815
-0.011818
-0.011820
-0.011822
-0.011829
-0.011830
-0.011835
-0.011839
-0.011841
-0.011843
-0.011846
-0.011847
-0.011850
-0.011855
-0.011856
-0.011870
-0.011871
-0.011873
-0.011876
-0.011884
-0.011884
-0.011891
-0.011893
-0.011895
-0.011919
-0.011923
-0.011927
-0.011928
-0.011928
-0.011935
-0.011936
-0.011941
-0.011943
-0.011944
-0.011945
-0.011947
-0.011948
-0.011951
-0.011956
-0.011957
-0.011958
-0.011960
-0.011966
-0.011967
-0.011968
-0.011968
-0.011973
-0.011974
-0.011977
-0.011992
-0.011999
-0.012003
-0.012007
-0.012013
-0.012014
-0.012021
-0.012029
-0.012036
-0.012037
-0.012041
-0.012061
-0.012063
-0.012063
-0.012064
-0.012072
-0.012080
-0.012087
-0.012092
-0.012098
-0.012106
-0.012107
-0.012108
-0.012109
-0.012111
-0.012123
-0.012125
-0.012135
-0.012145
-0.012153
-0.012156
-0.012157
-0.012162
-0.012167
-0.012169
-0.012170
-0.012174
-0.012177
-0.012177
-0.012178
-0.012183
-0.012185
-0.012192
-0.012193
-0.012194
-0.012195
-0.012198
-0.012201
-0.012207
-0.012207
-0.012211
-0.012215
-0.012218
-0.012221
-0.012224
-0.012229
-0.012231
-0.012233
-0.012233
-0.012234
-0.012234
-0.012237
-0.012237
-0.012240
-0.012242
-0.012244
-0.012255
-0.012257
-0.012259
-0.012275
-0.012279
-0.012282
-0.012290
-0.012294
-0.012296
-0.012296
-0.012301
-0.012305
-0.012307
-0.012307
-0.012310
-0.012320
-0.012322
-0.012323
-0.012332
-0.012334
-0.012335
-0.012338
-0.012348
-0.012350
-0.012353
-0.012369
-0.012372
-0.012373
-0.012374
-0.012375
-0.012379
-0.012382
-0.012383
-0.012383
-0.012387
-0.012394
-0.012397
-0.012401
-0.012405
-0.012412
-0.012418
-0.012428
-0.012429
-0.012433
-0.012435
-0.012445
-0.012447
-0.012454
-0.012455
-0.012461
-0.012465
-0.012471
-0.012472
-0.012479
-0.012481
-0.012482
-0.012482
-0.012483
-0.012484
-0.012484
-0.012492
-0.012494
-0.012499
-0.012500
-0.012503
-0.012506
-0.012508
-0.012515
-0.012517
-0.012517
-0.012518
-0.012520
-0.012524
-0.012528
-0.012529
-0.012532
-0.012532
-0.012535
-0.012541
-0.012542
-0.012543
-0.012544
-0.012546
-0.012550
-0.012556
-0.012557
-0.012561
-0.012568
-0.012569
-0.012573
-0.012576
-0.012583
-0.012584
-0.012586
-0.012598
-0.012599
-0.012601
-0.012606
-0.012612
-0.012620
-0.012627
-0.012634
-0.012641
-0.012642
-0.012645
-0.012647
-0.012648
-0.012652
-0.012653
-0.012654
-0.012662
-0.012668
-0.012671
-0.012673
-0.012679
-0.012685
-0.012687
-0.012687
-0.012688
-0.012688
-0.012690
-0.012697
-0.012700
-0.012702
-0.012702
-0.012703
-0.012704
-0.012705
-0.012712
-0.012715
-0.012717
-0.012717
-0.012720
-0.012730
-0.012730
-0.012731
-0.012736
-0.012743
-0.012743
-0.012754
-0.012755
-0.012756
-0.012761
-0.012761
-0.012766
-0.012770
-0.012773
-0.012774
-0.012776
-0.012776
-0.012777
-0.012778
-0.012784
-0.012785
-0.012787
-0.012788
-0.012793
-0.012795
-0.012798
-0.012815
-0.012820
-0.012820
-0.012831
-0.012831
-0.012837
-0.012837
-0.012840
-0.012843
-0.012849
-0.012849
-0.012851
-0.012854
-0.012868
-0.012870
-0.012874
-0.012874
-0.012876
-0.012877
-0.012886
-0.012894
-0.012899
-0.012908
-0.012910
-0.012918
-0.012919
-0.012921
-0.012923
-0.012935
-0.012938
-0.012940
-0.012943
-0.012945
-0.012948
-0.012949
-0.012951
-0.012959
-0.012962
-0.012964
-0.012978
-0.012978
-0.012980
-0.012984
-0.012987
-0.012992
-0.012996
-0.012998
-0.013001
-0.013004
-0.013007
-0.013013
-0.013014
-0.013017
-0.013019
-0.013024
-0.013036
-0.013037
-0.013037
-0.013048
-0.013049
-0.013051
-0.013056
-0.013058
-0.013063
-0.013064
-0.013065
-0.013071
-0.013071
-0.013072
-0.013075
-0.013088
-0.013089
-0.013089
-0.013099
-0.013105
-0.013108
-0.013108
-0.013111
-0.013112
-0.013114
-0.013114
-0.013118
-0.013119
-0.013123
-0.013126
-0.013141
-0.013143
-0.013145
-0.013145
-0.013148
-0.013149
-0.013153
-0.013155
-0.013163
-0.013163
-0.013163
-0.013165
-0.013167
-0.013169
-0.013175
-0.013178
-0.013180
-0.013192
-0.013193
-0.013194
-0.013195
-0.013196
-0.013203
-0.013210
-0.013210
-0.013213
-0.013215
-0.013221
-0.013223
-0.013224
-0.013234
-0.013237
-0.013239
-0.013242
-0.013247
-0.013251
-0.013255
-0.013258
-0.013258
-0.013263
-0.013269
-0.013271
-0.013274
-0.013277
-0.013278
-0.013281
-0.013282
-0.013284
-0.013287
-0.013290
-0.013292
-0.013301
-0.013301
-0.013302
-0.013303
-0.013311
-0.013314
-0.013316
-0.013318
-0.013328
-0.013331
-0.013342
-0.013349
-0.013353
-0.013354
-0.013360
-0.013361
-0.013366
-0.013366
-0.013366
-0.013367
-0.013367
-0.013370
-0.013383
-0.013383
-0.013383
-0.013393
-0.013416
-0.013417
-0.013419
-0.013419
-0.013419
-0.013420
-0.013420
-0.013422
-0.013423
-0.013429
-0.013430
-0.013434
-0.013435
-0.013436
-0.013441
-0.013445
-0.013452
-0.013453
-0.013464
-0.013466
-0.013466
-0.013467
-0.013469
-0.013477
-0.013477
-0.013485
-0.013487
-0.013496
-0.013499
-0.013511
-0.013516
-0.013518
-0.013519
-0.013520
-0.013522
-0.013523
-0.013526
-0.013528
-0.013530
-0.013532
-0.013548
-0.013552
-0.013553
-0.013556
-0.013556
-0.013557
-0.013560
-0.013563
-0.013568
-0.013571
-0.013575
-0.013577
-0.013578
-0.013580
-0.013583
-0.013585
-0.013586
-0.013588
-0.013591
-0.013605
-0.013610
-0.013613
-0.013613
-0.013614
-0.013614
-0.013615
-0.013622
-0.013623
-0.013625
-0.013627
-0.013630
-0.013634
-0.013637
-0.013637
-0.013652
-0.013655
-0.013655
-0.013656
-0.013657
-0.013664
-0.013667
-0.013672
-0.013672
-0.013683
-0.013686
-0.013689
-0.013689
-0.013692
-0.013693
-0.013694
-0.013703
-0.013717
-0.013730
-0.013736
-0.013739
-0.013741
-0.013742
-0.013743
-0.013759
-0.013759
-0.013765
-0.013771
-0.013774
-0.013784
-0.013790
-0.013797
-0.013802
-0.013804
-0.013807
-0.013810
-0.013811
-0.013813
-0.013816
-0.013820
-0.013821
-0.013823
-0.013824
-0.013824
-0.013838
-0.013838
-0.013845
-0.013845
-0.013850
-0.013855
-0.013856
-0.013857
-0.013861
-0.013863
-0.013863
-0.013864
-0.013867
-0.013868
-0.013869
-0.013870
-0.013875
-0.013880
-0.013891
-0.013891
-0.013892
-0.013893
-0.013894
-0.013896
-0.013898
-0.013901
-0.013904
-0.013909
-0.013913
-0.013921
-0.013928
-0.013930
-0.013938
-0.013942
-0.013943
-0.013944
-0.013946
-0.013948
-0.013949
-0.013951
-0.013951
-0.013956
-0.013957
-0.013958
-0.013959
-0.013960
-0.013965
-0.013965
-0.013966
-0.013967
-0.013984
-0.014002
-0.014003
-0.014004
-0.014015
-0.014023
-0.014024
-0.014028
-0.014029
-0.014033
-0.014036
-0.014036
-0.014037
-0.014039
-0.014040
-0.014041
-0.014050
-0.014050
-0.014051
-0.014069
-0.014072
-0.014073
-0.014074
-0.014078
-0.014079
-0.014080
-0.014081
-0.014082
-0.014083
-0.014087
-0.014092
-0.014093
-0.014098
-0.014098
-0.014103
-0.014117
-0.014117
-0.014117
-0.014123
-0.014124
-0.014137
-0.014142
-0.014143
-0.014145
-0.014146
-0.014149
-0.014152
-0.014152
-0.014165
-0.014172
-0.014175
-0.014176
-0.014186
-0.014188
-0.014190
-0.014195
-0.014198
-0.014198
-0.014202
-0.014206
-0.014207
-0.014213
-0.014215
-0.014216
-0.014222
-0.014248
-0.014256
-0.014272
-0.014276
-0.014280
-0.014281
-0.014291
-0.014301
-0.014309
-0.014324
-0.014330
-0.014331
-0.014335
-0.014342
-0.014354
-0.014356
-0.014356
-0.014359
-0.014362
-0.014364
-0.014370
-0.014386
-0.014386
-0.014387
-0.014388
-0.014394
-0.014395
-0.014399
-0.014409
-0.014411
-0.014415
-0.014420
-0.014422
-0.014438
-0.014439
-0.014441
-0.014442
-0.014443
-0.014443
-0.014444
-0.014448
-0.014457
-0.014461
-0.014464
-0.014477
-0.014485
-0.014488
-0.014490
-0.014494
-0.014500
-0.014501
-0.014502
-0.014507
-0.014514
-0.014514
-0.014515
-0.014517
-0.014527
-0.014537
-0.014538
-0.014539
-0.014545
-0.014545
-0.014547
-0.014549
-0.014550
-0.014551
-0.014554
-0.014555
-0.014556
-0.014557
-0.014559
-0.014560
-0.014562
-0.014564
-0.014570
-0.014577
-0.014591
-0.014593
-0.014605
-0.014608
-0.014609
-0.014610
-0.014614
-0.014617
-0.014618
-0.014619
-0.014622
-0.014623
-0.014623
-0.014626
-0.014628
-0.014632
-0.014634
-0.014641
-0.014642
-0.014645
-0.014645
-0.014658
-0.014665
-0.014676
-0.014677
-0.014677
-0.014681
-0.014688
-0.014692
-0.014693
-0.014695
-0.014696
-0.014701
-0.014703
-0.014707
-0.014710
-0.014712
-0.014712
-0.014714
-0.014715
-0.014719
-0.014726
-0.014732
-0.014736
-0.014745
-0.014750
-0.014757
-0.014762
-0.014768
-0.014770
-0.014772
-0.014779
-0.014779
-0.014786
-0.014789
-0.014794
-0.014794
-0.014799
-0.014800
-0.014803
-0.014803
-0.014813
-0.014829
-0.014830
-0.014832
-0.014838
-0.014843
-0.014848
-0.014849
-0.014851
-0.014852
-0.014858
-0.014861
-0.014862
-0.014871
-0.014872
-0.014878
-0.014886
-0.014888
-0.014891
-0.014892
-0.014894
-0.014896
-0.014897
-0.014897
-0.014903
-0.014906
-0.014907
-0.014912
-0.014913
-0.014913
-0.014932
-0.014936
-0.014940
-0.014943
-0.014945
-0.014946
-0.014947
-0.014948
-0.014952
-0.014955
-0.014956
-0.014956
-0.014962
-0.014965
-0.014972
-0.014975
-0.014977
-0.014977
-0.014987
-0.014995
-0.014998
-0.015003
-0.015011
-0.015012
-0.015015
-0.015017
-0.015019
-0.015019
-0.015020
-0.015024
-0.015026
-0.015032
-0.015035
-0.015044
-0.015044
-0.015045
-0.015050
-0.015050
-0.015054
-0.015056
-0.015071
-0.015076
-0.015084
-0.015086
-0.015092
-0.015093
-0.015102
-0.015103
-0.015105
-0.015108
-0.015108
-0.015109
-0.015118
-0.015120
-0.015122
-0.015125
-0.015125
-0.015126
-0.015133
-0.015141
-0.015145
-0.015148
-0.015149
-0.015152
-0.015159
-0.015159
-0.015166
-0.015170
-0.015174
-0.015178
-0.015188
-0.015191
-0.015194
-0.015196
-0.015196
-0.015202
-0.015208
-0.015209
-0.015221
-0.015225
-0.015228
-0.015228
-0.015230
-0.015236
-0.015237
-0.015238
-0.015239
-0.015242
-0.015249
-0.015249
-0.015254
-0.015257
-0.015259
-0.015262
-0.015264
-0.015266
-0.015275
-0.015276
-0.015277
-0.015278
-0.015281
-0.015283
-0.015283
-0.015284
-0.015284
-0.015285
-0.015294
-0.015301
-0.015304
-0.015309
-0.015319
-0.015320
-0.015320
-0.015324
-0.015326
-0.015326
-0.015334
-0.015340
-0.015342
-0.015348
-0.015349
-0.015356
-0.015358
-0.015359
-0.015359
-0.015360
-0.015363
-0.015365
-0.015366
-0.015373
-0.015373
-0.015374
-0.015378
-0.015380
-0.015384
-0.015385
-0.015394
-0.015396
-0.015399
-0.015399
-0.015402
-0.015406
-0.015419
-0.015433
-0.015438
-0.015448
-0.015457
-0.015459
-0.015460
-0.015460
-0.015464
-0.015469
-0.015471
-0.015476
-0.015477
-0.015485
-0.015488
-0.015489
-0.015494
-0.015496
-0.015496
-0.015505
-0.015509
-0.015510
-0.015515
-0.015516
-0.015519
-0.015531
-0.015532
-0.015541
-0.015542
-0.015543
-0.015543
-0.015548
-0.015549
-0.015555
-0.015555
-0.015555
-0.015555
-0.015557
-0.015561
-0.015566
-0.015567
-0.015574
-0.015575
-0.015582
-0.015582
-0.015583
-0.015587
-0.015587
-0.015589
-0.015590
-0.015593
-0.015594
-0.015599
-0.015602
-0.015605
-0.015606
-0.015606
-0.015611
-0.015613
-0.015616
-0.015619
-0.015621
-0.015621
-0.015623
-0.015623
-0.015627
-0.015627
-0.015630
-0.015630
-0.015632
-0.015639
-0.015640
-0.015642
-0.015643
-0.015644
-0.015662
-0.015663
-0.015668
-0.015673
-0.015674
-0.015676
-0.015679
-0.015689
-0.015690
-0.015691
-0.015695
-0.015696
-0.015700
-0.015709
-0.015718
-0.015718
-0.015722
-0.015722
-0.015724
-0.015726
-0.015732
-0.015744
-0.015744
-0.015745
-0.015749
-0.015751
-0.015752
-0.015754
-0.015754
-0.015764
-0.015767
-0.015785
-0.015786
-0.015788
-0.015791
-0.015791
-0.015797
-0.015801
-0.015801
-0.015809
-0.015814
-0.015823
-0.015824
-0.015825
-0.015829
-0.015831
-0.015832
-0.015834
-0.015836
-0.015837
-0.015841
-0.015844
-0.015844
-0.015846
-0.015846
-0.015848
-0.015851
-0.015852
-0.015854
-0.015855
-0.015855
-0.015862
-0.015863
-0.015864
-0.015865
-0.015867
-0.015875
-0.015880
-0.015884
-0.015884
-0.015884
-0.015888
-0.015891
-0.015891
-0.015891
-0.015892
-0.015893
-0.015893
-0.015899
-0.015905
-0.015918
-0.015920
-0.015921
-0.015921
-0.015930
-0.015931
-0.015931
-0.015932
-0.015936
-0.015938
-0.015941
-0.015945
-0.015950
-0.015958
-0.015960
-0.015966
-0.015969
-0.015972
-0.015979
-0.015988
-0.015988
-0.016002
-0.016008
-0.016015
-0.016017
-0.016022
-0.016022
-0.016025
-0.016027
-0.016034
-0.016036
-0.016037
-0.016038
-0.016039
-0.016059
-0.016060
-0.016063
-0.016065
-0.016066
-0.016066
-0.016070
-0.016071
-0.016073
-0.016075
-0.016077
-0.016078
-0.016080
-0.016081
-0.016083
-0.016084
-0.016085
-0.016089
-0.016092
-0.016093
-0.016094
-0.016100
-0.016100
-0.016104
-0.016105
-0.016109
-0.016113
-0.016116
-0.016116
-0.016123
-0.016124
-0.016134
-0.016137
-0.016142
-0.016144
-0.016147
-0.016147
-0.016154
-0.016161
-0.016162
-0.016174
-0.016177
-0.016180
-0.016182
-0.016183
-0.016184
-0.016185
-0.016186
-0.016186
-0.016186
-0.016187
-0.016193
-0.016198
-0.016201
-0.016206
-0.016207
-0.016209
-0.016220
-0.016221
-0.016222
-0.016224
-0.016224
-0.016226
-0.016227
-0.016230
-0.016233
-0.016235
-0.016236
-0.016240
-0.016246
-0.016247
-0.016250
-0.016251
-0.016257
-0.016261
-0.016263
-0.016269
-0.016273
-0.016275
-0.016278
-0.016291
-0.016292
-0.016295
-0.016297
-0.016310
-0.016310
-0.016313
-0.016317
-0.016324
-0.016333
-0.016337
-0.016348
-0.016349
-0.016357
-0.016366
-0.016366
-0.016367
-0.016370
-0.016375
-0.016377
-0.016382
-0.016385
-0.016388
-0.016389
-0.016392
-0.016397
-0.016399
-0.016401
-0.016408
-0.016409
-0.016412
-0.016412
-0.016416
-0.016417
-0.016419
-0.016422
-0.016426
-0.016433
-0.016435
-0.016436
-0.016448
-0.016456
-0.016457
-0.016461
-0.016462
-0.016465
-0.016472
-0.016476
-0.016478
-0.016484
-0.016488
-0.016501
-0.016503
-0.016505
-0.016509
-0.016509
-0.016517
-0.016522
-0.016531
-0.016534
-0.016541
-0.016543
-0.016549
-0.016554
-0.016555
-0.016560
-0.016564
-0.016566
-0.016567
-0.016572
-0.016576
-0.016580
-0.016581
-0.016585
-0.016589
-0.016593
-0.016594
-0.016599
-0.016606
-0.016607
-0.016617
-0.016619
-0.016640
-0.016642
-0.016643
-0.016643
-0.016647
-0.016649
-0.016653
-0.016654
-0.016657
-0.016665
-0.016672
-0.016672
-0.016674
-0.016675
-0.016675
-0.016676
-0.016678
-0.016679
-0.016681
-0.016694
-0.016702
-0.016710
-0.016717
-0.016720
-0.016725
-0.016725
-0.016726
-0.016727
-0.016728
-0.016728
-0.016728
-0.016731
-0.016737
-0.016738
-0.016739
-0.016743
-0.016746
-0.016752
-0.016753
-0.016755
-0.016757
-0.016760
-0.016772
-0.016773
-0.016778
-0.016786
-0.016786
-0.016797
-0.016802
-0.016802
-0.016806
-0.016830
-0.016831
-0.016831
-0.016837
-0.016837
-0.016840
-0.016842
-0.016846
-0.016846
-0.016847
-0.016849
-0.016853
-0.016855
-0.016860
-0.016864
-0.016866
-0.016867
-0.016872
-0.016874
-0.016875
-0.016876
-0.016876
-0.016877
-0.016879
-0.016886
-0.016890
-0.016897
-0.016904
-0.016904
-0.016909
-0.016915
-0.016926
-0.016927
-0.016927
-0.016931
-0.016933
-0.016936
-0.016936
-0.016942
-0.016943
-0.016948
-0.016952
-0.016956
-0.016963
-0.016965
-0.016967
-0.016971
-0.016973
-0.016975
-0.016995
-0.016995
-0.016997
-0.017011
-0.017014
-0.017015
-0.017018
-0.017020
-0.017022
-0.017029
-0.017029
-0.017030
-0.017031
-0.017032
-0.017043
-0.017043
-0.017051
-0.017051
-0.017053
-0.017054
-0.017057
-0.017057
-0.017058
-0.017060
-0.017073
-0.017075
-0.017075
-0.017077
-0.017079
-0.017080
-0.017083
-0.017085
-0.017092
-0.017096
-0.017098
-0.017102
-0.017104
-0.017104
-0.017105
-0.017108
-0.017109
-0.017116
-0.017119
-0.017122
-0.017125
-0.017126
-0.017128
-0.017128
-0.017136
-0.017140
-0.017141
-0.017143
-0.017149
-0.017155
-0.017167
-0.017171
-0.017175
-0.017175
-0.017179
-0.017180
-0.017182
-0.017182
-0.017187
-0.017189
-0.017190
-0.017193
-0.017195
-0.017197
-0.017197
-0.017197
-0.017199
-0.017203
-0.017203
-0.017205
-0.017209
-0.017210
-0.017213
-0.017215
-0.017223
-0.017228
-0.017231
-0.017234
-0.017235
-0.017236
-0.017258
-0.017260
-0.017261
-0.017261
-0.017264
-0.017266
-0.017268
-0.017270
-0.017274
-0.017278
-0.017278
-0.017285
-0.017287
-0.017293
-0.017293
-0.017301
-0.017302
-0.017304
-0.017311
-0.017312
-0.017312
-0.017317
-0.017317
-0.017324
-0.017326
-0.017329
-0.017332
-0.017335
-0.017338
-0.017346
-0.017353
-0.017354
-0.017354
-0.017357
-0.017357
-0.017360
-0.017366
-0.017366
-0.017369
-0.017372
-0.017376
-0.017376
-0.017376
-0.017376
-0.017382
-0.017392
